1 0.752853380158 13.0000705208
1 0.6875 10.7853788403
1 0.752853380158 13.0000698251
1 0.6875 10.7853781006
1 0.752853380158 13.000080062
1 0.6875 10.7853883871
1 0.752853380158 13.000061938
1 0.6875 10.7853702134
1 0.752853380158 13.0000820755
1 0.6875 10.7853904072
2 0.761194029851 13.0135689777
2 0.640625 12.8311633142
2 0.771071115013 13.1238068892
2 0.75 13.0206076115
2 0.769095697981 13.0488844922
2 0.703125 14.0078693677
2 0.768876207199 12.984118679
2 0.671875 14.9356764032
2 0.773485513608 12.9900307602
2 0.671875 14.8797856153
3 0.782045654083 12.9434141139
3 0.625 15.0253193614
3 0.797629499561 12.9389527426
3 0.578125 17.3221250767
3 0.792142230026 12.847263214
3 0.65625 14.3144257913
3 0.793020193152 12.9410114974
3 0.640625 15.1509719077
3 0.789727831431 12.763702262
3 0.609375 15.5600412043
4 0.809043020193 12.6342578486
4 0.640625 15.3805389612
4 0.802677787533 12.8338944853
4 0.59375 17.2613744594
4 0.798507462687 12.8409098393
4 0.6875 14.2006448816
4 0.796751536435 12.9337242771
4 0.578125 17.1598694149
4 0.810579455663 12.7460738243
4 0.578125 16.7814791153
5 0.825504828797 12.6333284311
5 0.609375 17.9973421418
5 0.817603160667 12.5440631205
5 0.5 20.3216750683
5 0.821553994732 12.5819078973
5 0.609375 20.5253002802
5 0.821334503951 12.6491029162
5 0.609375 20.56303768
5 0.821992976295 12.5598728311
5 0.640625 18.8932380077
6 0.82594381036 12.4673834193
6 0.578125 18.7563914249
6 0.836698858648 12.3555462499
6 0.578125 20.7911071185
6 0.832089552239 12.5614257964
6 0.640625 17.7725200276
6 0.833625987709 12.4424987745
6 0.6875 17.7161779997
6 0.833187006146 12.5284169673
6 0.453125 20.1898354485
7 0.844820017559 12.2518914893
7 0.640625 23.4546246244
7 0.836040386304 12.361363283
7 0.5625 19.9087699104
7 0.841088674276 12.2300283044
7 0.640625 21.003694277
7 0.839113257243 12.3206252561
7 0.609375 19.5998665668
7 0.835820895522 12.3609744534
7 0.65625 17.5725119796
8 0.850746268657 12.1999742136
8 0.546875 20.0471923391
8 0.848551360843 12.1183776405
8 0.59375 19.0201575035
8 0.84964881475 12.2589736437
8 0.609375 19.1695401198
8 0.847892888499 12.1465915402
8 0.625 19.9383560014
8 0.846356453029 12.1646023292
8 0.59375 19.7736822939
9 0.855794556629 12.0571295835
9 0.609375 21.1171150334
9 0.858647936787 12.0590052731
9 0.625 19.5802241328
9 0.849209833187 12.1386045985
9 0.671875 19.7884968523
9 0.852502194908 12.0189703004
9 0.546875 20.6920723259
9 0.850746268657 11.99724397
9 0.625 18.8997598006
