1 0.740939597315 13.1737681508
1 0.71875 12.5869999391
1 0.740939597315 13.1737191989
1 0.71875 12.5869137909
1 0.740939597315 13.173743645
1 0.71875 12.5869567956
1 0.740939597315 13.1737439501
1 0.71875 12.5869571983
1 0.740939597315 13.1737395657
1 0.71875 12.5869499852
2 0.761073825503 13.2967890555
2 0.75 16.5261133009
2 0.759060402685 13.2189748691
2 0.609375 17.23774938
2 0.759955257271 13.2120491488
2 0.765625 17.4785281715
2 0.763310961969 13.217351646
2 0.609375 16.2211656388
2 0.765771812081 13.2576139009
2 0.671875 16.7528940895
3 0.78389261745 13.1955184799
3 0.671875 17.4968874256
3 0.776733780761 13.1997935976
3 0.75 18.2358915491
3 0.78255033557 13.2572209011
3 0.65625 18.9484027907
3 0.781879194631 13.1783067043
3 0.640625 20.650074387
3 0.781879194631 13.3302617637
3 0.703125 16.8678622767
4 0.791498881432 13.0757306116
4 0.65625 16.9876967566
4 0.799776286353 13.2272700812
4 0.625 21.4845600071
4 0.803355704698 13.0875852145
4 0.640625 20.0743816308
4 0.795973154362 13.0747506912
4 0.625 20.6287133023
4 0.799105145414 12.9872781674
4 0.640625 21.2396858449
5 0.817002237136 12.9291435895
5 0.640625 23.5829033895
5 0.815659955257 12.868811902
5 0.59375 22.995683722
5 0.811409395973 12.795256663
5 0.59375 17.8136771712
5 0.814093959732 12.8526080531
5 0.671875 19.4432467303
5 0.820581655481 12.7540494686
5 0.625 22.3912964235
6 0.825727069351 12.8365560846
6 0.578125 23.1900753852
6 0.82706935123 12.8025717189
6 0.640625 19.7778241308
6 0.823713646532 12.6762689615
6 0.65625 22.1531397026
6 0.826845637584 12.8241109447
6 0.625 20.264462502
6 0.825279642058 12.6244646317
6 0.734375 19.0088443716
7 0.831543624161 12.5447133978
7 0.625 21.9495698311
7 0.834004474273 12.6731054704
7 0.5625 22.8663923876
7 0.830872483221 12.6055163994
7 0.671875 21.5139717171
7 0.831767337808 12.5273327633
7 0.703125 18.7710983422
7 0.835123042506 12.539323432
7 0.625 20.2680503404
8 0.846308724832 12.3349844172
8 0.703125 19.2423255831
8 0.843176733781 12.4402215967
8 0.65625 19.5156289612
8 0.840044742729 12.4317711541
8 0.59375 19.5469048628
8 0.843624161074 12.3878031657
8 0.5625 21.2615798323
8 0.84384787472 12.4741776295
8 0.59375 24.8505008396
9 0.848769574944 12.4370676616
9 0.578125 23.9584869232
9 0.848098434004 12.343834459
9 0.671875 21.0310088182
9 0.851454138702 12.3337116468
9 0.609375 22.5124486947
9 0.847203579418 12.3383353309
9 0.578125 22.7874745179
9 0.847651006711 12.2917013862
9 0.578125 20.5578014122
