1 0.74875074955 13.2840831044
1 0.671875 12.6000441229
1 0.74875074955 13.2841101959
1 0.671875 12.6000854457
1 0.74875074955 13.2840976605
1 0.671875 12.6000663207
1 0.74875074955 13.2840892803
1 0.671875 12.6000535386
1 0.74875074955 13.2841191643
1 0.671875 12.6000991188
2 0.763941635019 13.314471562
2 0.75 15.0218381614
2 0.765340795523 13.3745948542
2 0.703125 13.8936023067
2 0.768538876674 13.206962513
2 0.6875 15.1445524732
2 0.762542474515 13.344958864
2 0.71875 16.8783942992
2 0.761143314012 13.3979430616
2 0.6875 16.4627419552
3 0.775334799121 13.2258936664
3 0.671875 18.6323896742
3 0.781131321207 13.3148508906
3 0.71875 16.7443031591
3 0.780731561063 13.2525372022
3 0.71875 16.5261281747
3 0.783929642215 13.1676684658
3 0.703125 17.6107082987
3 0.783729762143 13.2953718257
3 0.59375 18.9680336936
4 0.793324005597 12.9541024583
4 0.671875 16.8277941642
4 0.796122326604 13.1157298554
4 0.59375 21.1798295519
4 0.795122926244 12.9906748626
4 0.703125 23.4911559721
4 0.792124725165 13.0747827313
4 0.71875 18.2801387816
4 0.794323405956 13.1197984253
4 0.703125 19.5298313032
5 0.809114531281 12.8403648168
5 0.59375 22.9235248261
5 0.809114531281 12.8707281999
5 0.625 22.4952874176
5 0.811513092145 12.8909937979
5 0.75 17.1007029718
5 0.806715970418 12.8299621658
5 0.609375 18.8542421985
5 0.806316210274 12.8332595505
5 0.765625 20.2729169883
6 0.816310213872 12.7852063282
6 0.734375 19.6100871731
6 0.821906855886 12.8143574636
6 0.71875 20.9778456059
6 0.821906855886 12.6735390539
6 0.640625 23.1668913397
6 0.818109134519 12.6582446882
6 0.5625 23.7323262295
6 0.818309014591 12.7575908347
6 0.59375 22.1337668046
7 0.83150109934 12.4805879039
7 0.703125 20.2272618494
7 0.828702778333 12.5746276881
7 0.75 18.1790638561
7 0.824705176894 12.4375504162
7 0.75 20.1067353742
7 0.826903857685 12.47364333
7 0.65625 22.5744494449
7 0.823106136318 12.5162128526
7 0.6875 21.5743427807
8 0.83349990006 12.4268560976
8 0.703125 17.8531445627
8 0.83549870078 12.3311455764
8 0.625 22.1764212297
8 0.834099540276 12.4003998062
8 0.5625 23.542430421
8 0.833899660204 12.4266847407
8 0.65625 22.9142364438
8 0.836498101139 12.3221292745
8 0.609375 20.4883525671
9 0.843893663802 12.340981288
9 0.671875 20.904349687
9 0.841894863082 12.2816925388
9 0.609375 25.2059394588
9 0.838696781931 12.3139834491
9 0.59375 23.276717597
9 0.841495102938 12.2705536562
9 0.65625 23.3130170968
9 0.839096542075 12.2633819028
9 0.640625 23.6612199109
