1 0.748226138705 13.2828512386
1 0.703125 13.6892796369
1 0.748226138705 13.2828478828
1 0.703125 13.689281821
1 0.748226138705 13.2828454728
1 0.703125 13.6892833869
1 0.748226138705 13.2828418935
1 0.703125 13.6892857092
1 0.748226138705 13.2828452146
1 0.703125 13.6892835575
2 0.770885786221 13.3455292406
2 0.671875 16.8595275743
2 0.771572442206 13.2935874993
2 0.765625 15.3390145406
2 0.770428015564 13.351553012
2 0.78125 14.4853510722
2 0.766536964981 13.3167817228
2 0.71875 19.1687725321
2 0.76951247425 13.3815075718
2 0.6875 14.0805659151
3 0.785534447242 13.2196767948
3 0.671875 21.0155340768
3 0.781643396658 13.3697474934
3 0.6875 17.6578019244
3 0.787136644541 13.2615530544
3 0.6875 17.5909257068
3 0.785076676585 13.2753482167
3 0.65625 17.6034347821
3 0.791027695125 13.3368192705
3 0.65625 20.051789658
4 0.798123140307 13.0833779781
4 0.65625 16.6706918744
4 0.793087663081 13.1626125178
4 0.609375 17.3248241289
4 0.798352025635 13.1656310964
4 0.71875 19.5463339404
4 0.800411993591 13.068111979
4 0.59375 19.2399405505
4 0.80064087892 13.0769018789
4 0.65625 18.310601592
5 0.819638361181 12.9228235473
5 0.625 21.0351106044
5 0.813229571984 13.0548156512
5 0.703125 18.5844872152
5 0.809567406729 13.0384782187
5 0.59375 21.3337986362
5 0.815518425269 12.9705864433
5 0.53125 20.7677870879
5 0.819409475853 13.0083123974
5 0.65625 20.9117201356
6 0.818036163882 12.871773006
6 0.609375 19.5507452351
6 0.813687342641 12.7851556587
6 0.671875 19.2009411228
6 0.821698329137 12.8606497671
6 0.625 22.5307042964
6 0.818036163882 12.8079789401
6 0.640625 20.7341315556
6 0.826504921035 12.7209140646
6 0.609375 22.9602255332
7 0.826962691691 12.7735440753
7 0.578125 22.2758581413
7 0.829709315633 12.6137305714
7 0.6875 19.3458272587
7 0.826962691691 12.7103962268
7 0.671875 21.7353465104
7 0.829022659648 12.5934005825
7 0.625 25.5717832397
7 0.834973678187 12.6297916799
7 0.6875 18.7899033401
8 0.829251544976 12.557609712
8 0.671875 20.5255886863
8 0.835431448844 12.5597978969
8 0.625 20.8679429785
8 0.835431448844 12.5939697557
8 0.65625 22.4934022628
8 0.840009155413 12.530618679
8 0.59375 22.102683324
8 0.839093614099 12.5170975981
8 0.65625 19.27424627
9 0.841840238041 12.3754673364
9 0.65625 21.4609147762
9 0.847104600595 12.3621093545
9 0.578125 20.4902951172
9 0.845960173953 12.3673887844
9 0.609375 21.8436830219
9 0.837033646143 12.343128163
9 0.609375 23.8144802322
9 0.843900205997 12.4797439422
9 0.6875 21.1636516008
1 0.740939597315 13.1737681508
1 0.71875 12.5869999391
1 0.740939597315 13.1737191989
1 0.71875 12.5869137909
1 0.740939597315 13.173743645
1 0.71875 12.5869567956
1 0.740939597315 13.1737439501
1 0.71875 12.5869571983
1 0.740939597315 13.1737395657
1 0.71875 12.5869499852
2 0.761073825503 13.2967890555
2 0.75 16.5261133009
2 0.759060402685 13.2189748691
2 0.609375 17.23774938
2 0.759955257271 13.2120491488
2 0.765625 17.4785281715
2 0.763310961969 13.217351646
2 0.609375 16.2211656388
2 0.765771812081 13.2576139009
2 0.671875 16.7528940895
3 0.78389261745 13.1955184799
3 0.671875 17.4968874256
3 0.776733780761 13.1997935976
3 0.75 18.2358915491
3 0.78255033557 13.2572209011
3 0.65625 18.9484027907
3 0.781879194631 13.1783067043
3 0.640625 20.650074387
3 0.781879194631 13.3302617637
3 0.703125 16.8678622767
4 0.791498881432 13.0757306116
4 0.65625 16.9876967566
4 0.799776286353 13.2272700812
4 0.625 21.4845600071
4 0.803355704698 13.0875852145
4 0.640625 20.0743816308
4 0.795973154362 13.0747506912
4 0.625 20.6287133023
4 0.799105145414 12.9872781674
4 0.640625 21.2396858449
5 0.817002237136 12.9291435895
5 0.640625 23.5829033895
5 0.815659955257 12.868811902
5 0.59375 22.995683722
5 0.811409395973 12.795256663
5 0.59375 17.8136771712
5 0.814093959732 12.8526080531
5 0.671875 19.4432467303
5 0.820581655481 12.7540494686
5 0.625 22.3912964235
6 0.825727069351 12.8365560846
6 0.578125 23.1900753852
6 0.82706935123 12.8025717189
6 0.640625 19.7778241308
6 0.823713646532 12.6762689615
6 0.65625 22.1531397026
6 0.826845637584 12.8241109447
6 0.625 20.264462502
6 0.825279642058 12.6244646317
6 0.734375 19.0088443716
7 0.831543624161 12.5447133978
7 0.625 21.9495698311
7 0.834004474273 12.6731054704
7 0.5625 22.8663923876
7 0.830872483221 12.6055163994
7 0.671875 21.5139717171
7 0.831767337808 12.5273327633
7 0.703125 18.7710983422
7 0.835123042506 12.539323432
7 0.625 20.2680503404
8 0.846308724832 12.3349844172
8 0.703125 19.2423255831
8 0.843176733781 12.4402215967
8 0.65625 19.5156289612
8 0.840044742729 12.4317711541
8 0.59375 19.5469048628
8 0.843624161074 12.3878031657
8 0.5625 21.2615798323
8 0.84384787472 12.4741776295
8 0.59375 24.8505008396
9 0.848769574944 12.4370676616
9 0.578125 23.9584869232
9 0.848098434004 12.343834459
9 0.671875 21.0310088182
9 0.851454138702 12.3337116468
9 0.609375 22.5124486947
9 0.847203579418 12.3383353309
9 0.578125 22.7874745179
9 0.847651006711 12.2917013862
9 0.578125 20.5578014122
1 0.752853380158 13.0000705208
1 0.6875 10.7853788403
1 0.752853380158 13.0000698251
1 0.6875 10.7853781006
1 0.752853380158 13.000080062
1 0.6875 10.7853883871
1 0.752853380158 13.000061938
1 0.6875 10.7853702134
1 0.752853380158 13.0000820755
1 0.6875 10.7853904072
2 0.761194029851 13.0135689777
2 0.640625 12.8311633142
2 0.771071115013 13.1238068892
2 0.75 13.0206076115
2 0.769095697981 13.0488844922
2 0.703125 14.0078693677
2 0.768876207199 12.984118679
2 0.671875 14.9356764032
2 0.773485513608 12.9900307602
2 0.671875 14.8797856153
3 0.782045654083 12.9434141139
3 0.625 15.0253193614
3 0.797629499561 12.9389527426
3 0.578125 17.3221250767
3 0.792142230026 12.847263214
3 0.65625 14.3144257913
3 0.793020193152 12.9410114974
3 0.640625 15.1509719077
3 0.789727831431 12.763702262
3 0.609375 15.5600412043
4 0.809043020193 12.6342578486
4 0.640625 15.3805389612
4 0.802677787533 12.8338944853
4 0.59375 17.2613744594
4 0.798507462687 12.8409098393
4 0.6875 14.2006448816
4 0.796751536435 12.9337242771
4 0.578125 17.1598694149
4 0.810579455663 12.7460738243
4 0.578125 16.7814791153
5 0.825504828797 12.6333284311
5 0.609375 17.9973421418
5 0.817603160667 12.5440631205
5 0.5 20.3216750683
5 0.821553994732 12.5819078973
5 0.609375 20.5253002802
5 0.821334503951 12.6491029162
5 0.609375 20.56303768
5 0.821992976295 12.5598728311
5 0.640625 18.8932380077
6 0.82594381036 12.4673834193
6 0.578125 18.7563914249
6 0.836698858648 12.3555462499
6 0.578125 20.7911071185
6 0.832089552239 12.5614257964
6 0.640625 17.7725200276
6 0.833625987709 12.4424987745
6 0.6875 17.7161779997
6 0.833187006146 12.5284169673
6 0.453125 20.1898354485
7 0.844820017559 12.2518914893
7 0.640625 23.4546246244
7 0.836040386304 12.361363283
7 0.5625 19.9087699104
7 0.841088674276 12.2300283044
7 0.640625 21.003694277
7 0.839113257243 12.3206252561
7 0.609375 19.5998665668
7 0.835820895522 12.3609744534
7 0.65625 17.5725119796
8 0.850746268657 12.1999742136
8 0.546875 20.0471923391
8 0.848551360843 12.1183776405
8 0.59375 19.0201575035
8 0.84964881475 12.2589736437
8 0.609375 19.1695401198
8 0.847892888499 12.1465915402
8 0.625 19.9383560014
8 0.846356453029 12.1646023292
8 0.59375 19.7736822939
9 0.855794556629 12.0571295835
9 0.609375 21.1171150334
9 0.858647936787 12.0590052731
9 0.625 19.5802241328
9 0.849209833187 12.1386045985
9 0.671875 19.7884968523
9 0.852502194908 12.0189703004
9 0.546875 20.6920723259
9 0.850746268657 11.99724397
9 0.625 18.8997598006
1 0.741400745959 13.0336472467
1 0.692307692308 11.9049769775
1 0.741400745959 13.0336553523
1 0.692307692308 11.9049726417
1 0.741400745959 13.0336584411
1 0.692307692308 11.9049710305
1 0.741400745959 13.0336525702
1 0.692307692308 11.9049741913
1 0.741400745959 13.0336408903
1 0.692307692308 11.9049803033
2 0.754662246167 13.1654164865
2 0.707692307692 15.6029770589
2 0.754869457107 13.0673058296
2 0.784615384615 16.1662042345
2 0.754040613344 13.2305332505
2 0.707692307692 15.8492809482
2 0.757770410278 13.1887148673
2 0.707692307692 13.5046774806
2 0.757977621218 13.0083330607
2 0.723076923077 14.4130709572
3 0.779734769996 13.0020770882
3 0.738461538462 15.9164412941
3 0.774347285537 12.9215308308
3 0.692307692308 15.7253972852
3 0.774761707418 13.1590960881
3 0.676923076923 18.6064505985
3 0.773311230833 12.9948823079
3 0.723076923077 16.8219801717
3 0.777248238707 12.9924743409
3 0.661538461538 18.396116419
4 0.790095317033 12.8351990885
4 0.723076923077 18.5469237515
4 0.794653957729 12.8946304764
4 0.707692307692 18.2952574789
4 0.787401574803 12.9424678802
4 0.661538461538 17.1646917141
4 0.791753004559 12.9406148649
4 0.692307692308 18.6983822557
4 0.792789059262 12.8568034448
4 0.661538461538 16.6329009221
5 0.80605055947 12.6280435085
5 0.692307692308 21.5094484503
5 0.807708246995 12.6148641155
5 0.769230769231 18.4481677005
5 0.803978450062 12.7612182456
5 0.646153846154 20.8469877871
5 0.808329879818 12.7814173212
5 0.584615384615 20.9142328004
5 0.808122668877 12.833917414
5 0.676923076923 20.9807564826
6 0.815996684625 12.586072771
6 0.661538461538 22.0626712322
6 0.823456278492 12.5284637553
6 0.692307692308 17.9427153096
6 0.822005801906 12.4502532796
6 0.692307692308 19.7380937988
6 0.812681309573 12.5621257449
6 0.661538461538 19.1008981079
6 0.806464981351 12.5844368727
6 0.692307692308 17.4548680133
7 0.830708661417 12.3317945238
7 0.692307692308 19.9624229223
7 0.826564442603 12.4202584193
7 0.738461538462 20.3227408625
7 0.828843762951 12.3104422651
7 0.707692307692 19.0297511471
7 0.830501450477 12.4428889351
7 0.676923076923 16.8526895056
7 0.826978864484 12.4849893939
7 0.630769230769 19.8717285351
8 0.834852880232 12.241943764
8 0.661538461538 19.2077227004
8 0.830294239536 12.2666478298
8 0.692307692308 22.1811126676
8 0.840240364691 12.2077950621
8 0.8 17.4017478771
8 0.83713220058 12.1929532017
8 0.630769230769 21.7455038385
8 0.83713220058 12.2299644859
8 0.615384615385 20.6787815859
9 0.848943224202 12.0065279111
9 0.723076923077 18.4236369282
9 0.845835060091 12.1043909173
9 0.676923076923 21.2306096526
9 0.842934106921 12.1264551105
9 0.646153846154 20.1376960765
9 0.843970161625 12.0905774388
9 0.646153846154 19.2124241653
9 0.84542063821 12.0424177836
9 0.753846153846 19.2406341105
1 0.738321536906 13.006178267
1 0.796875 12.3385442696
1 0.738321536906 13.0061761856
1 0.796875 12.3385428603
1 0.738321536906 13.006154959
1 0.796875 12.3385284704
1 0.738321536906 13.0061811414
1 0.796875 12.3385462204
1 0.738321536906 13.0062122216
1 0.796875 12.3385672881
2 0.752072800809 13.1148766025
2 0.75 14.1318391677
2 0.757330637007 13.152030058
2 0.734375 13.5960982388
2 0.75915065723 13.0206229981
2 0.75 16.9878596139
2 0.75187057634 13.1385344866
2 0.75 14.481539436
2 0.754499494439 13.0682698164
2 0.6875 15.5861726201
3 0.775733063701 13.1424369593
3 0.71875 15.9107407302
3 0.771688574317 13.1403264092
3 0.75 17.8623426091
3 0.774519716886 13.0697302334
3 0.625 18.2176560727
3 0.777755308392 13.1281227474
3 0.734375 14.7370273749
3 0.77108190091 13.1278312437
3 0.6875 16.7164588669
4 0.789484327604 13.0569086371
4 0.671875 22.2943241924
4 0.790697674419 13.0068820683
4 0.75 18.1017267432
4 0.799797775531 13.0435833791
4 0.640625 20.1818695776
4 0.791506572295 12.9193436044
4 0.71875 15.7801031853
4 0.789282103134 12.9474267809
4 0.671875 20.6213621719
5 0.811729019211 12.7390474399
5 0.625 18.1920932895
5 0.799191102123 12.8480165095
5 0.796875 18.5197528384
5 0.809302325581 12.77727752
5 0.65625 20.4558636007
5 0.809504550051 12.6768272158
5 0.703125 18.3287646315
5 0.801617795753 12.80189787
5 0.6875 19.3245545037
6 0.820829120324 12.7049351523
6 0.640625 24.3824602943
6 0.819009100101 12.6338498118
6 0.734375 18.9824128555
6 0.820424671385 12.6958731731
6 0.671875 19.1146999851
6 0.814762386249 12.7043702232
6 0.59375 23.0292965767
6 0.825480283114 12.6558720075
6 0.6875 19.652103914
7 0.830535894843 12.4411278633
7 0.65625 18.6077645859
7 0.825278058645 12.6620425314
7 0.640625 17.6413072714
7 0.831142568251 12.4450882172
7 0.671875 21.9711636591
7 0.827300303337 12.5592158931
7 0.703125 21.4221217381
7 0.829929221436 12.5666644475
7 0.71875 19.0033220857
8 0.835187057634 12.3317061436
8 0.65625 22.4336297905
8 0.837007077856 12.4554455259
8 0.78125 18.1954762761
8 0.842062689585 12.3233796
8 0.625 24.50490333
8 0.837209302326 12.3477551964
8 0.71875 19.9238296168
8 0.839635995956 12.3458819689
8 0.671875 19.0957651933
9 0.845096056623 12.2289966578
9 0.671875 22.0970173085
9 0.846107178969 12.203197366
9 0.6875 20.0086922685
9 0.843680485339 12.1098608235
9 0.671875 20.7145426523
9 0.839433771486 12.2192876987
9 0.640625 21.3905154616
9 0.845298281092 12.2764285684
9 0.65625 22.7239575942
1 0.74875074955 13.2840831044
1 0.671875 12.6000441229
1 0.74875074955 13.2841101959
1 0.671875 12.6000854457
1 0.74875074955 13.2840976605
1 0.671875 12.6000663207
1 0.74875074955 13.2840892803
1 0.671875 12.6000535386
1 0.74875074955 13.2841191643
1 0.671875 12.6000991188
2 0.763941635019 13.314471562
2 0.75 15.0218381614
2 0.765340795523 13.3745948542
2 0.703125 13.8936023067
2 0.768538876674 13.206962513
2 0.6875 15.1445524732
2 0.762542474515 13.344958864
2 0.71875 16.8783942992
2 0.761143314012 13.3979430616
2 0.6875 16.4627419552
3 0.775334799121 13.2258936664
3 0.671875 18.6323896742
3 0.781131321207 13.3148508906
3 0.71875 16.7443031591
3 0.780731561063 13.2525372022
3 0.71875 16.5261281747
3 0.783929642215 13.1676684658
3 0.703125 17.6107082987
3 0.783729762143 13.2953718257
3 0.59375 18.9680336936
4 0.793324005597 12.9541024583
4 0.671875 16.8277941642
4 0.796122326604 13.1157298554
4 0.59375 21.1798295519
4 0.795122926244 12.9906748626
4 0.703125 23.4911559721
4 0.792124725165 13.0747827313
4 0.71875 18.2801387816
4 0.794323405956 13.1197984253
4 0.703125 19.5298313032
5 0.809114531281 12.8403648168
5 0.59375 22.9235248261
5 0.809114531281 12.8707281999
5 0.625 22.4952874176
5 0.811513092145 12.8909937979
5 0.75 17.1007029718
5 0.806715970418 12.8299621658
5 0.609375 18.8542421985
5 0.806316210274 12.8332595505
5 0.765625 20.2729169883
6 0.816310213872 12.7852063282
6 0.734375 19.6100871731
6 0.821906855886 12.8143574636
6 0.71875 20.9778456059
6 0.821906855886 12.6735390539
6 0.640625 23.1668913397
6 0.818109134519 12.6582446882
6 0.5625 23.7323262295
6 0.818309014591 12.7575908347
6 0.59375 22.1337668046
7 0.83150109934 12.4805879039
7 0.703125 20.2272618494
7 0.828702778333 12.5746276881
7 0.75 18.1790638561
7 0.824705176894 12.4375504162
7 0.75 20.1067353742
7 0.826903857685 12.47364333
7 0.65625 22.5744494449
7 0.823106136318 12.5162128526
7 0.6875 21.5743427807
8 0.83349990006 12.4268560976
8 0.703125 17.8531445627
8 0.83549870078 12.3311455764
8 0.625 22.1764212297
8 0.834099540276 12.4003998062
8 0.5625 23.542430421
8 0.833899660204 12.4266847407
8 0.65625 22.9142364438
8 0.836498101139 12.3221292745
8 0.609375 20.4883525671
9 0.843893663802 12.340981288
9 0.671875 20.904349687
9 0.841894863082 12.2816925388
9 0.609375 25.2059394588
9 0.838696781931 12.3139834491
9 0.59375 23.276717597
9 0.841495102938 12.2705536562
9 0.65625 23.3130170968
9 0.839096542075 12.2633819028
9 0.640625 23.6612199109
