1 0.748226138705 13.2828512386
1 0.703125 13.6892796369
1 0.748226138705 13.2828478828
1 0.703125 13.689281821
1 0.748226138705 13.2828454728
1 0.703125 13.6892833869
1 0.748226138705 13.2828418935
1 0.703125 13.6892857092
1 0.748226138705 13.2828452146
1 0.703125 13.6892835575
2 0.770885786221 13.3455292406
2 0.671875 16.8595275743
2 0.771572442206 13.2935874993
2 0.765625 15.3390145406
2 0.770428015564 13.351553012
2 0.78125 14.4853510722
2 0.766536964981 13.3167817228
2 0.71875 19.1687725321
2 0.76951247425 13.3815075718
2 0.6875 14.0805659151
3 0.785534447242 13.2196767948
3 0.671875 21.0155340768
3 0.781643396658 13.3697474934
3 0.6875 17.6578019244
3 0.787136644541 13.2615530544
3 0.6875 17.5909257068
3 0.785076676585 13.2753482167
3 0.65625 17.6034347821
3 0.791027695125 13.3368192705
3 0.65625 20.051789658
4 0.798123140307 13.0833779781
4 0.65625 16.6706918744
4 0.793087663081 13.1626125178
4 0.609375 17.3248241289
4 0.798352025635 13.1656310964
4 0.71875 19.5463339404
4 0.800411993591 13.068111979
4 0.59375 19.2399405505
4 0.80064087892 13.0769018789
4 0.65625 18.310601592
5 0.819638361181 12.9228235473
5 0.625 21.0351106044
5 0.813229571984 13.0548156512
5 0.703125 18.5844872152
5 0.809567406729 13.0384782187
5 0.59375 21.3337986362
5 0.815518425269 12.9705864433
5 0.53125 20.7677870879
5 0.819409475853 13.0083123974
5 0.65625 20.9117201356
6 0.818036163882 12.871773006
6 0.609375 19.5507452351
6 0.813687342641 12.7851556587
6 0.671875 19.2009411228
6 0.821698329137 12.8606497671
6 0.625 22.5307042964
6 0.818036163882 12.8079789401
6 0.640625 20.7341315556
6 0.826504921035 12.7209140646
6 0.609375 22.9602255332
7 0.826962691691 12.7735440753
7 0.578125 22.2758581413
7 0.829709315633 12.6137305714
7 0.6875 19.3458272587
7 0.826962691691 12.7103962268
7 0.671875 21.7353465104
7 0.829022659648 12.5934005825
7 0.625 25.5717832397
7 0.834973678187 12.6297916799
7 0.6875 18.7899033401
8 0.829251544976 12.557609712
8 0.671875 20.5255886863
8 0.835431448844 12.5597978969
8 0.625 20.8679429785
8 0.835431448844 12.5939697557
8 0.65625 22.4934022628
8 0.840009155413 12.530618679
8 0.59375 22.102683324
8 0.839093614099 12.5170975981
8 0.65625 19.27424627
9 0.841840238041 12.3754673364
9 0.65625 21.4609147762
9 0.847104600595 12.3621093545
9 0.578125 20.4902951172
9 0.845960173953 12.3673887844
9 0.609375 21.8436830219
9 0.837033646143 12.343128163
9 0.609375 23.8144802322
9 0.843900205997 12.4797439422
9 0.6875 21.1636516008
