1 0.738321536906 13.006178267
1 0.796875 12.3385442696
1 0.738321536906 13.0061761856
1 0.796875 12.3385428603
1 0.738321536906 13.006154959
1 0.796875 12.3385284704
1 0.738321536906 13.0061811414
1 0.796875 12.3385462204
1 0.738321536906 13.0062122216
1 0.796875 12.3385672881
2 0.752072800809 13.1148766025
2 0.75 14.1318391677
2 0.757330637007 13.152030058
2 0.734375 13.5960982388
2 0.75915065723 13.0206229981
2 0.75 16.9878596139
2 0.75187057634 13.1385344866
2 0.75 14.481539436
2 0.754499494439 13.0682698164
2 0.6875 15.5861726201
3 0.775733063701 13.1424369593
3 0.71875 15.9107407302
3 0.771688574317 13.1403264092
3 0.75 17.8623426091
3 0.774519716886 13.0697302334
3 0.625 18.2176560727
3 0.777755308392 13.1281227474
3 0.734375 14.7370273749
3 0.77108190091 13.1278312437
3 0.6875 16.7164588669
4 0.789484327604 13.0569086371
4 0.671875 22.2943241924
4 0.790697674419 13.0068820683
4 0.75 18.1017267432
4 0.799797775531 13.0435833791
4 0.640625 20.1818695776
4 0.791506572295 12.9193436044
4 0.71875 15.7801031853
4 0.789282103134 12.9474267809
4 0.671875 20.6213621719
5 0.811729019211 12.7390474399
5 0.625 18.1920932895
5 0.799191102123 12.8480165095
5 0.796875 18.5197528384
5 0.809302325581 12.77727752
5 0.65625 20.4558636007
5 0.809504550051 12.6768272158
5 0.703125 18.3287646315
5 0.801617795753 12.80189787
5 0.6875 19.3245545037
6 0.820829120324 12.7049351523
6 0.640625 24.3824602943
6 0.819009100101 12.6338498118
6 0.734375 18.9824128555
6 0.820424671385 12.6958731731
6 0.671875 19.1146999851
6 0.814762386249 12.7043702232
6 0.59375 23.0292965767
6 0.825480283114 12.6558720075
6 0.6875 19.652103914
7 0.830535894843 12.4411278633
7 0.65625 18.6077645859
7 0.825278058645 12.6620425314
7 0.640625 17.6413072714
7 0.831142568251 12.4450882172
7 0.671875 21.9711636591
7 0.827300303337 12.5592158931
7 0.703125 21.4221217381
7 0.829929221436 12.5666644475
7 0.71875 19.0033220857
8 0.835187057634 12.3317061436
8 0.65625 22.4336297905
8 0.837007077856 12.4554455259
8 0.78125 18.1954762761
8 0.842062689585 12.3233796
8 0.625 24.50490333
8 0.837209302326 12.3477551964
8 0.71875 19.9238296168
8 0.839635995956 12.3458819689
8 0.671875 19.0957651933
9 0.845096056623 12.2289966578
9 0.671875 22.0970173085
9 0.846107178969 12.203197366
9 0.6875 20.0086922685
9 0.843680485339 12.1098608235
9 0.671875 20.7145426523
9 0.839433771486 12.2192876987
9 0.640625 21.3905154616
9 0.845298281092 12.2764285684
9 0.65625 22.7239575942
