1 0.741400745959 13.0336472467
1 0.692307692308 11.9049769775
1 0.741400745959 13.0336553523
1 0.692307692308 11.9049726417
1 0.741400745959 13.0336584411
1 0.692307692308 11.9049710305
1 0.741400745959 13.0336525702
1 0.692307692308 11.9049741913
1 0.741400745959 13.0336408903
1 0.692307692308 11.9049803033
2 0.754662246167 13.1654164865
2 0.707692307692 15.6029770589
2 0.754869457107 13.0673058296
2 0.784615384615 16.1662042345
2 0.754040613344 13.2305332505
2 0.707692307692 15.8492809482
2 0.757770410278 13.1887148673
2 0.707692307692 13.5046774806
2 0.757977621218 13.0083330607
2 0.723076923077 14.4130709572
3 0.779734769996 13.0020770882
3 0.738461538462 15.9164412941
3 0.774347285537 12.9215308308
3 0.692307692308 15.7253972852
3 0.774761707418 13.1590960881
3 0.676923076923 18.6064505985
3 0.773311230833 12.9948823079
3 0.723076923077 16.8219801717
3 0.777248238707 12.9924743409
3 0.661538461538 18.396116419
4 0.790095317033 12.8351990885
4 0.723076923077 18.5469237515
4 0.794653957729 12.8946304764
4 0.707692307692 18.2952574789
4 0.787401574803 12.9424678802
4 0.661538461538 17.1646917141
4 0.791753004559 12.9406148649
4 0.692307692308 18.6983822557
4 0.792789059262 12.8568034448
4 0.661538461538 16.6329009221
5 0.80605055947 12.6280435085
5 0.692307692308 21.5094484503
5 0.807708246995 12.6148641155
5 0.769230769231 18.4481677005
5 0.803978450062 12.7612182456
5 0.646153846154 20.8469877871
5 0.808329879818 12.7814173212
5 0.584615384615 20.9142328004
5 0.808122668877 12.833917414
5 0.676923076923 20.9807564826
6 0.815996684625 12.586072771
6 0.661538461538 22.0626712322
6 0.823456278492 12.5284637553
6 0.692307692308 17.9427153096
6 0.822005801906 12.4502532796
6 0.692307692308 19.7380937988
6 0.812681309573 12.5621257449
6 0.661538461538 19.1008981079
6 0.806464981351 12.5844368727
6 0.692307692308 17.4548680133
7 0.830708661417 12.3317945238
7 0.692307692308 19.9624229223
7 0.826564442603 12.4202584193
7 0.738461538462 20.3227408625
7 0.828843762951 12.3104422651
7 0.707692307692 19.0297511471
7 0.830501450477 12.4428889351
7 0.676923076923 16.8526895056
7 0.826978864484 12.4849893939
7 0.630769230769 19.8717285351
8 0.834852880232 12.241943764
8 0.661538461538 19.2077227004
8 0.830294239536 12.2666478298
8 0.692307692308 22.1811126676
8 0.840240364691 12.2077950621
8 0.8 17.4017478771
8 0.83713220058 12.1929532017
8 0.630769230769 21.7455038385
8 0.83713220058 12.2299644859
8 0.615384615385 20.6787815859
9 0.848943224202 12.0065279111
9 0.723076923077 18.4236369282
9 0.845835060091 12.1043909173
9 0.676923076923 21.2306096526
9 0.842934106921 12.1264551105
9 0.646153846154 20.1376960765
9 0.843970161625 12.0905774388
9 0.646153846154 19.2124241653
9 0.84542063821 12.0424177836
9 0.753846153846 19.2406341105
