 ROH SEL GRN SAG BOB   CPR BIH WIL RTH TSR      Rank, Team, Record      WLK DWH COL KRA  MB   JCI  SE WOB DOL ISR   LYD DOK WOL RPI RTR    Rank, Team   KLK UCS REN  DC POM   MOR CNG PKL PIG SAP   DUN SCR ACU  AP USA    Rank, Team   SIM LYN    Mean Median St.Dev

   1   1   1   2   1     4   1   1   1   1    1 Ohio St          30-3     2   1   1   1   1     1   1   1   1   2     4   2   1   1   1    1 Ohio St      5   1   1   1   4     6   5   4   4   1     3   1   2   1   1    1 Ohio St      4   5    2.00   1.0   1.51
   2   4   2   1   2     2   3   4   2   4    2 North Carolina   28-6     1   4   3   4   6     4   4   4   3   3     1   1   4   2   3    2 NC           1   4   2   5   1     1   1   1   2   2     2   2   1   4   4    2 NC           2   1    2.60   2.0   1.34
   5   5   4   3   6     3   5   5   4   5    3 Florida          29-5     3   5   6   5   4     5   5   5   5   9     2   3   5   6   6    3 FL           3   6   7   4   3     3   2   6   3   5     4   3   4   3   3    3 FL           5   4    4.45   5.0   1.42
   4   3   5   4   5     1   4   6   6   6    4 Kansas           30-4     4   6   5   6   5     6   6   6   4   7     3   4   6  11  11    4 KS           2   3   4   2   2     2   3   2   1   8     1   6   5   2   2    4 KS           6   6    4.55   4.5   2.33
   3   2   6   6   3     5   6   2   3   3    5 UCLA             26-5     5   2   2   3   3     3   3   3   7   1     9   7   3   3   2    5 UCLA         8   9   3   3   8    11   6   3  15   3    21   4   6   7   6    5 UCLA        12   2    5.29   3.0   3.94
   6   6   3   5   4     6   2   3   5   2    6 Wisconsin        29-5     7   3   4   2   2     2   2   2   2   4     8   5   2   4   4    6 WI           6   7   5   6   7    10   9   8  12   4    12  10   7   6   7    6 WI          11   3    5.36   5.0   2.89
   7   7   7   8   7    16   8   7   7   7    7 Georgetown       26-6     6   7  10   8   7     8   8   8   8  13     7   8   8   9   9    7 G'town       7   5   6   7   6     4  11  10   5  11     5   7   3   8   8    7 G'town       1  11    7.62   7.0   2.53
   8  10   8   7   9    14   7  11   8   8    8 Memphis          30-3     8  11   9   9   8     7   7   9   6   8     5   9   7   8   8    8 Memphis     10   2   9  10   9     7   7  24   6   6     9  12   9   5   5    8 Memphis      3  10    8.38   8.0   3.32
  10   8  10  10   8     7  10   9  10   9    9 Pittsburgh       27-7    11   9   7   7   9    12  11   7  10   6    12  11  11   5   5    9 Pitt        12  11  10   8  12    15  14   7  14  10    15  19   8  12  10    9 Pitt         9  15   10.12  10.0   2.90
   9   9   9   9  10     8  13  14   9  13   10 Texas A&M        25-6     9  13  13  12  13    14  14  13  11  11     6   6  16  17  18   10 TexA&M       4   8  17  13   5     5   4   5   7  13     8  33  10   9   9   10 TexA&M       7   7   10.79   9.5   5.07

 ROH SEL GRN SAG BOB   CPR BIH WIL RTH TSR      Rank, Team, Record      WLK DWH COL KRA  MB   JCI  SE WOB DOL ISR   LYD DOK WOL RPI RTR    Rank, Team   KLK UCS REN  DC POM   MOR CNG PKL PIG SAP   DUN SCR ACU  AP USA    Rank, Team   SIM LYN    Mean Median St.Dev

  13  12  11  15  14     9  11   8  11  10   11 Oregon           26-7    14   8  12  10  10     9  10  12  14  20    16  13  10  21  21   11 OR          24  12  13  19  21    13  21  17   9  15    10  15  12  10  12   11 OR          20  18   13.69  12.5   4.23
  11  17  13  11  16    10  14  16  14  14   12 Maryland         24-8    12  15  18  15  15    15  18  17  13  15    10  12  18  16  17   12 MD          11  10  15  25  11     8  10  19  10  18    11   8  15  18  22   12 MD          28   9   14.54  15.0   4.28
  12  11  12  17  11    27   9  13  18  15   13 S Illinois       26-6    10  14   8  13  14    11   9  10   9   5    28  16   9   7   7   13 S Ill       21  26   8   9  35    29  41   9  17   7    32   5  11  14  15   13 S Ill       14   8   14.67  12.0   8.47
  14  14  22  13  12    23  18  18  15  16   14 Duke            22-10    13  18  15  18  17    22  22  18  15  12    11  10  24  15  16   14 Duke         9  20  20  23  10    17   8  15  26  27    26  23  16           14 Duke        51  17   18.60  17.0   7.23
  16  13  14  23  18    11  15  10  13  11   15 Washington St    25-7    20  10  16  11  11    13  12  11  17  17    31  20  15  25  26   15 Wash St     37  15  14  15  33    25  42  18  40  16    33  21  14  13  13   15 Wash St     27  12   18.75  15.5   8.51
  23  19  18  16  20    25  20  22  19  23   16 Texas            24-9    22  22  27  24  20    21  19  22  16  29    14  21  20  26  25   16 TX          20  13  26  16  16    12  17  13   8  25     6  35  19  11  11   16 TX          22  19   19.60  20.0   5.70
  17  15  15  12  13    12  23  12  12  12   17 Arizona         21-10    15  12  14  14  12    16  17  15  25  10    22  24  17  14  14   17 AZ          23  17  18  21  23    32  20  25  48  24    55  13  17           17 AZ          35  31   20.27  17.0   9.56
  18  22  21  14  25    17  19  22  16  20   18 Notre Dame       24-7    18  22  28  20  23    23  24  23  18  33    13  17  23  31  31   18 N Dame      19  14  23  30  17    14  13  12  16  19    13  43  13  17  17   18 N Dame      30  13   20.60  19.0   6.62
  20  18  19  18  15    18  22  19  17  22   19 Kentucky        21-11    16  20  19  23  21    20  21  20  21  18    20  14  22  13  12   19 KY          17  23  29  14  18    20  15  28  23  22    28  17  20           19 KY          26  36   20.73  20.0   4.66
  15  16  16  29  17    15  16  17  26  17   20 UNLV             28-6    23  17  11  19  16    17  15  16  22  14    30  33  14  10  10   20 UNLV        48  31  12  11  52    35  48  23  27   9    22  16  18  19  18   20 UNLV        19  40   21.40  17.0  10.55

 ROH SEL GRN SAG BOB   CPR BIH WIL RTH TSR      Rank, Team, Record      WLK DWH COL KRA  MB   JCI  SE WOB DOL ISR   LYD DOK WOL RPI RTR    Rank, Team   KLK UCS REN  DC POM   MOR CNG PKL PIG SAP   DUN SCR ACU  AP USA    Rank, Team   SIM LYN    Mean Median St.Dev

  25  24  25  20  22    24  25  24  22  27   21 Villanova       22-10    17  25  23  26  27    31  32  28  20  22    17  19  31  19  15   21 V'nova      16  18  31  26  19    16  18  11  18  26    14  26  21           21 V'nova      39  30   23.59  23.5   5.77
  22  21  23  24  19    13  21  19  20  19   22 Tennessee       22-10    24  19  20  21  18    19  20  19  23  19    32  29  19  12  13   22 TN          41  16  25  20  39    34  35  49  29  17    30   9  25  25       22 TN          73  38   25.01  21.0  11.34
  19  20  20  31  28    19  12  15  27  18   23 Nevada           28-4    21  15  17  17  19    18  13  14  19  16    27  45  12  23  23   23 NV          60  29  11  17  63    57  59  26  52  12    60  20  22  15  13   23 NV          47  21   26.02  20.0  15.43
  28  28  26  33  23    20  28  26  29  28   24 Louisville       23-9    31  26  24  25  25    42  41  26  29  25    15  30  37  37  38   24 Lville      26  21  47  24  15     9  23  46  11  46     7  37  23  16  16   24 Lville       8  37   26.96  26.0  10.09
  29  26  24  22  21    21  32  27  23  25   25 Michigan St     22-11    27  26  29  27  26    24  27  27  32  28    19  22  33  24  24   25 Mich St     18  25  40  33  13    33  19  32  35  35    29  39  34           25 Mich St     31  33   27.95  27.0   5.82
  26  25  29  36  24    22  24  24  24  24   26 Marquette        24-9    39  24  21  16  24    26  28  24  24  21    26  31  27  22  22   26 Marq'te     38  35  27  27  28    27  34  29  33  32    24  47  24  20  20   26 Marq'te     59  48   28.23  26.0   8.29
  30  29  31  30  31    29  30  34  45  47   27 Creighton       22-10    19  36  26  45  46    35  29  30  36  23    40  27  29  20  20   27 Cr'ghton    28  36  30  12  32    21  45  33  13  23    23  27  27      24   27 Cr'ghton    10  24   29.71  29.0   8.88
  27  34  30  19  29    31  34  28  21  26   28 Georgia Tech    20-11    30  28  42  30  29    29  33  38  30  34    21  15  40  52  52   28 Ga Tech     14  22  46  45  14    18  12  37  22  62    20  22  26           28 Ga Tech     54  16   30.89  29.0  11.86
  37  30  28  28  26    26  33  30  30  33   29 Indiana         20-10    28  34  37  35  30    28  34  35  27  30    23  26  36  28  28   29 IN          15  30  43  47  20    30  16  22  30  31    27  50  36           29 IN          55  14   31.27  30.0   8.35
  34  31  32  44  38    32  39  30  42  40   30 BYU              25-8    32  32  25  33  38    32  25  25  42  24    44  49  25  18  19   30 BYU         57  41  22  18  55    43  53  48  24  14    35  14  29  24  23   30 BYU         15  27   32.60  32.0  11.18

 ROH SEL GRN SAG BOB   CPR BIH WIL RTH TSR      Rank, Team, Record      WLK DWH COL KRA  MB   JCI  SE WOB DOL ISR   LYD DOK WOL RPI RTR    Rank, Team   KLK UCS REN  DC POM   MOR CNG PKL PIG SAP   DUN SCR ACU  AP USA    Rank, Team   SIM LYN    Mean Median St.Dev

  21  27  41  21  33    34  26  34  41  39   31 Butler           27-6    36  38  22  34  48    34  26  29  31  27    25  23  26  27  27   31 Butler      13  53  16  28  27    66  39  16  49  21    65  53      21  19   31 Butler      48  22   34.43  28.0  12.62
  33  23  27  35  32    33  35  21  25  21   32 USC             23-11    41  21  30  22  22    25  23  21  43  38    51  36  28  47  40   32 USC         50  37  33  31  43    44  46  38  41  59    44  40  32  23  25   32 USC         68  32   34.74  33.0  10.92
  35  32  33  26  30    28  29  28  28  29   33 Clemson         21-10    35  29  35  29  31    27  30  34  28  31    34  25  34  45  46   33 Clemson     27  42  41  42  25    36  22  47  53  49    45  54  28           33 Clemson     80  25   35.75  31.5  10.94
  24  36  35  25  37    38  42  39  32  36   34 Virginia Tech   21-11    33  41  41  32  39    40  38  33  35  36    43  18  41  34  34   34 Va Tech     30  39  42  39  26    31  24  58  46  42    38  34  38           34 Va Tech     75  26   37.33  36.5   9.39
  41  35  39  45  27    37  36  41  38  38   35 Illinois        23-11    40  43  31  38  35    41  44  31  34  39    33  41  42  29  30   35 IL          22  24  51  38  24    40  27  42  32  39    37  25  46           35 IL          58  47   37.56  38.0   7.62
  31  41  54  41  41    42  49  47  50  55   36 Xavier           24-8    29  53  33  52  60    60  58  45  55  35    18  37  53  33  32   36 Xavier      33  27  34  22  34    22  29  20  36  28    40  24  37           36 Xavier      16  20   38.76  36.5  12.53
  42  40  40  32  36    40  43  37  34  37   37 Purdue          21-11    37  36  43  39  37    46  46  36  38  45    29  28  48  42  44   37 Purdue      31  28  44  43  22    38  26  43  25  50    18  32  50           37 Purdue      53  53   38.85  38.5   8.22
  40  37  37  27  35    36  38  39  43  48   38 Missouri St     22-10    26  41  32  46  45    39  35  37  40  32    36  40  35  36  36   38 MO St       29  46  35  32  41    42  28  34  51  44    68  36  39           38 MO St       44  43   39.27  37.5   7.38
  38  38  38  34  39    39  31  37  36  32   39 Boston College  20-11    43  38  36  31  36    30  37  39  37  37    48  32  38  32  33   39 BC          44  38  39  29  42    37  32  62  55  48    51  28  30           39 BC          83  52   40.04  37.5  10.20
  44  45  36  38  42    46  37  41  31  34   40 Florida St      20-12    45  40  49  37  33    33  40  46  33  51    45  35  43  41  41   40 Fla St      40  44  53  64  37    23  36  39  31  60    25  44  33           40 Fla St      52  56   41.62  40.5   8.64

 ROH SEL GRN SAG BOB   CPR BIH WIL RTH TSR      Rank, Team, Record      WLK DWH COL KRA  MB   JCI  SE WOB DOL ISR   LYD DOK WOL RPI RTR    Rank, Team   KLK UCS REN  DC POM   MOR CNG PKL PIG SAP   DUN SCR ACU  AP USA    Rank, Team   SIM LYN    Mean Median St.Dev

  32  33  46  43  34    35  48  34  44  43   41 Air Force        23-8    46  34  34  43  47    37  31  32  56  26    35  34  30  30  29   41 A Force     25  52  24  36  40    62  33  31  88  29    86  74  40           41 A Force     60  34   41.82  35.0  15.04
  39  39  53  49  43    44  45  43  35  44   42 Syracuse        22-10    44  45  40  42  43    64  63  42  45  40    24  51  63  50  50   42 Syracuse    39  19  70  37  29    19  31  36  20  61    16  41  41           42 Syracuse    41  35   42.46  42.0  12.36
  43  42  42  40  40    47  47  43  40  46   43 Arkansas        21-13    42  47  45  50  42    47  45  50  46  53    46  42  52  35  35   43 AR          34  32  65  40  30    24  37  56  21  57    19  18  44           43 AR          36  57   42.50  42.5  10.19
  36  46  43  39  45    41  41  30  33  31   44 Virginia        20-10    54  30  46  36  34    36  39  40  39  41    52  38  44  55  55   44 VA          52  40  49  41  48    49  44  79  68  64    54  11  35           44 VA         104  28   45.31  41.0  15.19
  45  43  47  47  46    48  44  43  37  42   45 West Virginia    22-9    47  45  48  40  41    51  56  49  41  47    37  39  55  57  57   45 WV          35  51  57  60  36    39  25  30  43  47    34  67  31           45 WV          49  44   45.57  45.0   8.64
  52  68  17  37  69    30  17  47  52  30   46 Winthrop         28-4    38  31  68  28  28    10  16  48  12  75    41  43  13  70  70   46 Winthrop    56  83  19  49  71    82  70  27  58  33    69 144      22  21   46 Winthrop    34  23   47.62  41.0  26.76
  46  47  45  54  44    45  46  43  46  41   47 Vanderbilt      20-11    55  44  47  44  40    43  43  43  50  44    65  48  49  46  47   47 Vandy       55  58  52  35  51    45  56  59  42  66    50  29  43           47 Vandy       71  59   48.95  46.0   8.20
  48  59  34  55  55    54  27  58  61  54   48 Davidson         29-4    25  58  38  47  51    38  36  41  26  46    39  65  21  48  49   48 Davidson    72  55  21  46  74    69  69  52  37  20    61  58               48 Davidson    13  41   49.24  48.0  15.50
  56  53  44  48  54    52  54  57  56  56   49 Kansas St       22-11    58  57  57  58  55    50  47  55  47  58    53  44  50  56  56   49 Kans St     51  54  60  53  44    26  57  14  19  52    17  70  42           49 Kans St     43  55   50.20  53.5  11.75
  47  55  49  58  59    58  40  58  64  59   50 VA Commonwealth  27-6    34  59  39  53  61    55  51  51  44  50    49  52  32  44  42   50 VCU         64  34  28  34  72    74  71  35  61  30    78  48               50 VCU         21  39   52.56  51.0  13.53

 ROH SEL GRN SAG BOB   CPR BIH WIL RTH TSR      Rank, Team, Record      WLK DWH COL KRA  MB   JCI  SE WOB DOL ISR   LYD DOK WOL RPI RTR    Rank, Team   KLK UCS REN  DC POM   MOR CNG PKL PIG SAP   DUN SCR ACU  AP USA    Rank, Team   SIM LYN    Mean Median St.Dev

  51  44  51  53  50    43  58  30  39  35   51 Stanford        18-12    62  32  55  41  32    44  42  44  63  43    66  60  46  63  67   51 Stanford    63  69  48  61  53    47  52  60  54  76    47  56  47           51 Stanford    77  65   52.77  51.5  11.62
  49  49  48  46  56    55  55  53  47  57   52 Gonzaga         23-10    52  55  56  55  57    54  50  56  53  55    47  47  47  61  60   52 Gonzaga     43  50  62  51  54    41  47  70  39  65    52  68  54           52 Gonzaga     40  42   52.97  53.0   7.09
  57  61  50  42  57    60  66  62  55  62   53 Mississippi St  18-13    49  61  69  61  59    59  62  61  66  67    38  46  68  65  64   53 Miss St     32  33  77  66  31    28  30  55  28  79    31  30  53           53 Miss St     42  46   53.69  58.0  14.38
  53  48  55  52  47    49  52  53  58  60   54 Bradley         21-12    51  49  44  59  58    56  49  52  54  42    59  54  54  38  39   54 Bradley     54  64  54  52  58    54  51  54  47  54    64  45  60           54 Bradley     67  67   53.78  54.0   6.68
  62  56  52  50  53    51  62  55  49  51   55 Georgia         18-13    60  53  67  54  53    45  54  59  62  62    54  53  61  64  58   55 GA          42  63  75  48  45    50  40  61  50  83    41  38  48           55 GA          82  62   56.21  54.0  10.00
  60  50  56  56  48    50  53  47  51  45   56 Michigan        21-12    59  49  50  49  44    49  53  54  51  52    55  56  57  54  54   56 MI          53  57  64  55  49    58  54  69  60  71    46  49  62           56 MI         119 100   57.25  54.0  13.78
  55  52  58  51  49    68  50  47  54  50   57 Alabama         20-11    61  49  51  51  50    48  48  53  49  49    63  50  56  49  48   57 AL          58  59  63  67  59    64  58  40  87  58    73  42  45           57 AL         125  71   57.50  52.5  14.35
  61  64  67  57  64    62  63  67  70  68   58 Massachusetts    23-8    53  68  59  64  69    65  64  65  61  59    50  62  60  62  62   58 MA          62  47  37  62  62    56  65  68  57  40    59  46  49           58 MA          63  45   60.08  62.0   7.97
  58  54  61  64  52    53  56  55  57  53   59 Texas Tech      21-12    65  55  52  57  52    57  52  57  48  48    70  66  59  53  53   59 TX Tech     68  45  72  68  68    68  63  45  75  69    63  59  51           59 TX Tech     90  84   60.37  57.0   9.86
  50  60  62  68  66    65  57  67  68  64   60 Old Dominion     24-8    56  67  54  62  70    63  60  63  57  60    56  61  45  40  37   60 ODU         65  49  38  44  69    67  75  64  62  36    82  63               60 ODU         29  49   60.60  62.0  11.54

 ROH SEL GRN SAG BOB   CPR BIH WIL RTH TSR      Rank, Team, Record      WLK DWH COL KRA  MB   JCI  SE WOB DOL ISR   LYD DOK WOL RPI RTR    Rank, Team   KLK UCS REN  DC POM   MOR CNG PKL PIG SAP   DUN SCR ACU  AP USA    Rank, Team   SIM LYN    Mean Median St.Dev

  54  51  63  61  51    69  51  47  53  49   61 Oklahoma St     22-12    66  48  53  48  54    53  57  47  52  57    69  63  58  51  51   61 Okla St     66  76  69  50  64    59  64  76  59  67    49  81  52           61 Okla St    116 102   61.16  57.0  14.32
  67  62  59  65  61    59  61  60  60  58   62 Mississippi     20-12    64  60  64  60  56    58  59  60  59  65    62  67  64  58  59   62 MS          67  43  74  69  60    55  67  63  45  70    42  31  56           62 MS         110  54   61.30  60.0  11.27
  64  57  60  63  58    56  70  52  48  52   63 Washington      19-13    67  52  63  56  49    61  61  58  71  56    68  69  71  82  84   63 WA          70  62  79  86  61    48  62  50  44  91    39  57  57           63 WA          64  80   62.91  61.0  11.76
  59  70  66  59  71    74  65  79  75  87   64 Akron            26-7    48  80  62  70  84    75  73  64  67  70    42  55  65  67  66   64 Akron       47  48  45  54  57    51  61  44  34  41    58  94               64 Akron       18  29   63.22  64.0  16.10
  65  58  65  60  60    61  67  63  59  63   65 DePaul          18-13    63  63  70  63  62    68  71  66  64  64    57  58  75  68  68   65 DePaul      49  60  83  73  46    46  50  90  63  82    48  62  55           65 DePaul      78  69   64.33  63.0   9.55
  63  65  64  74  76    71  60  71  80  73   66 Drexel           23-8    50  73  58  68  77    62  66  69  58  61    72  57  51  39  43   66 Drexel      76  66  36  63  84    90  89  21  78  34    88  80               66 Drexel      45  63   66.79  66.0  15.72
  69  83  57  66  72    80  59  81  82  75   67 Appalachian St   25-7    57  81  65  69  83    52  55  68  60  68    76  74  39  59  63   67 App St      86  94  32  59  91    96  91  53  70  37    94 100               67 App St      17  50   70.56  69.0  18.57
  68  63  72  77  65    57  71  60  73  65   68 San Diego St    21-10    81  62  61  66  64    67  67  62  74  54    79  85  66  66  65   68 SD St       85 100  58  65  79    72  79  84  94  74    76  64  63           68 SD St       70  70   71.01  67.5   9.90
  66  74  71  83  75    73  64  64  77  71   69 New Mexico St    25-8    74  66  60  73  68    71  65  67  70  69    77  86  62  69  69   69 N Mex St   105  70  59  56  96    91  92  65  85  43    75  71  58           69 N Mex St    65  51   71.60  70.0  11.91
  70  69  69  62  62    67  82  69  63  70   70 LSU             17-15    68  69  79  71  65    72  78  76  78  76    64  59  84  91  92   70 LSU         46  67  97 100  50    53  49  72  64 112    56  55  66           70 LSU        103  64   71.92  69.0  14.81

 ROH SEL GRN SAG BOB   CPR BIH WIL RTH TSR      Rank, Team, Record      WLK DWH COL KRA  MB   JCI  SE WOB DOL ISR   LYD DOK WOL RPI RTR    Rank, Team   KLK UCS REN  DC POM   MOR CNG PKL PIG SAP   DUN SCR ACU  AP USA    Rank, Team   SIM LYN    Mean Median St.Dev

  72  73  75  71  78    78  68  71  83  72   71 G Washington     23-8    69  72  66  75  71    70  69  75  68  82    71  79  70  71  72   71 G Wash      79  68  66  82  82    78  82  75  73  53    79  69  59           71 G Wash      56  58   72.45  72.0   7.08
  73  66  74  70  63    66  75  71  62  69   72 Missouri        18-12    71  69  74  72  67    76  80  74  75  66    60  64  85  93  94   72 MO          59  56  92  90  56    71  55  41  83 102    77  78  64           72 MO         123  94   74.20  71.5  14.78
  71  71  68  75  68    63  69  64  65  61   73 NC State        18-15    87  64  75  65  63    66  72  77  65  89    84  76  81  89  91   73 NC St       78  77 106  79  66    61  72  93  38 110    36  51  65           73 NC St      121 109   74.96  71.5  17.43
  74  72  83  73  67    70  76  69  66  66   74 Providence      18-12    84  71  72  67  72    84  86  72  77  73    67  77  88  76  76   74 Prov        71  71  87  74  67    65  60  85 100  93    81  72  61           74 Prov       107  88   76.42  73.0  10.14
  81  78  73  79  70    76  83  75  69  74   75 Iowa            17-14    78  76  85  77  73    80  82  80  73  74    78  71  90  96  97   75 IA          69  65 102  88  65    63  68  73  71 107    53  61  71           75 IA          66  96   77.58  75.5  11.31
  80  79  70  72  77    77  72  75  76  78   76 Northern Iowa   18-13    70  75  81  80  76    69  68  78  69  72    86  73  73  84  86   76 N Iowa      74  97  85  81  76    77  74  57  69  87    74  86  67           76 N Iowa     124  66   77.68  76.0  10.45
  76  77  76  84  85    96  74  75  86  82   77 Utah St         23-11    77  77  73  76  78    74  70  70  80  79    92  83  67  43  45   77 Utah St     94  81  71  70 103   106 103  66  84  45    95  73  70           77 Utah St     76  72   78.03  76.5  13.82
  83  80  77  67  80    81  81  81  79  81   78 Wichita St      17-14    76  81  89  83  81    77  75  82  76  81    81  70  82 100 100   78 Wich St     61  96  94 111  70    73  66  51  92 111    89  82  68           78 Wich St    120  61   82.14  81.0  13.77
  85  75  82  69  74    84 101  85  71  80   79 Oklahoma        16-15    92  84 100  85  79    86  92  90  99  95    61  68 100 102  98   79 OK          36 109 121 106  38    52  38  74  56 132    43  96  74           79 OK          92  73   82.32  84.5  21.72
  77  67  78  80  73    72  88  64  67  67   80 California      16-17    90  65  84  74  66    73  77  73  93  78    90  78  83  80  78   80 CA          73  98  89  93  73    70  73 100  89 109   118  66  78           80 CA         165 111   83.41  78.0  18.63

 ROH SEL GRN SAG BOB   CPR BIH WIL RTH TSR      Rank, Team, Record      WLK DWH COL KRA  MB   JCI  SE WOB DOL ISR   LYD DOK WOL RPI RTR    Rank, Team   KLK UCS REN  DC POM   MOR CNG PKL PIG SAP   DUN SCR ACU  AP USA    Rank, Team   SIM LYN    Mean Median St.Dev

  75  82  85  87  82    75  79  74  87  79   81 Fresno St        22-9    88  74  71  79  80    83  76  71  88  63    89  92  74  87  88   81 Fres St    102  73  73  75 106   113  99  87 114  77   114  76  72           81 Fres St     94  78   84.40  81.0  12.37
  79  76  80  78  83    79  78  78  78  83   82 Santa Clara     21-10    75  79  80  82  87    82  79  79  84  77    80  75  79  99  93   82 S Clara     77  89  80  92  80    83  78  89  72  86    85 109               82 S Clara     57 131   84.87  80.0  11.28
  78  84  87  88  87    87  77  89  97  97   83 Wright St        23-9    79  90  76  92  96    91  83  81  83  80   100  91  78  72  73   83 Wright     109  85  55  72  97    87 134  94  66  56    70  52               83 Wright      37 116   85.81  85.0  17.36
  86  81  92  76  79    86  94  87  72  84   84 Connecticut     17-14    95  86  91  84  85   100 104  92  94  90    58  72 111 110 110   84 CT          45  79 127 113  47    60  43  71  81 128    67  83  73           84 CT         153  79   87.08  85.5  22.21
  84  88  84  89  89    90 104  92  85  91   85 Hawaii          18-13    89  91  94  96  95    95  91  94 112  84    75  84  93  98  99   85 HI          80  72  99  94  77    79  76  88  67 104    72  85  80           85 HI          61  85   87.99  89.0  10.36
  87  93  93  93  93    95  85 100 108  98   86 Holy Cross       25-8    73 101  77  94 101    93  93  89  79  92    73 103  77  60  61   86 H Cross     93  61  68  58 100    93 125 116  96  38   100  87               86 H Cross     32  89   88.37  93.0  19.10
  90  85  81  82  81    82  91  80  74  76   87 Auburn          17-15   104  78  93  78  74    81  85  83  91  83    99  82  92 113 115   87 Auburn      87 106 118  96  75    75  81  99  79 136    62  60  75           87 Auburn     102 129   89.18  83.0  16.47
  88  87  89  91  96    88  80  85  95  93   88 Long Beach St    24-7    86  87  78  95  88    85  81  85  81  85    91 107  72  79  80   88 L Bch St   120  99  56  80 131    95 121  95  65  55    87 105               88 L Bch St    24 101   89.34  87.0  18.28
  89  96  79  86  92    94  73  93  91  90   89 TAM C. Christi   26-6    72  94  82  90  92    79  74  84  72  96    82  89  69  81  82   89 TAM CC     108  88  61  83 129   119 120  91 101  51   124 128               89 TAM CC      23  97   90.31  89.0  20.18
  95  86  88  81  84    83 100  83  81  86   90 Nebraska        16-14   100  85  98  87  86    88  88  88  97  87    85  81  95 103 104   90 NE          83 116 110  99  83    86  77  81 122 123   103  91  69           90 NE         111 107   92.86  88.0  12.36

 ROH SEL GRN SAG BOB   CPR BIH WIL RTH TSR      Rank, Team, Record      WLK DWH COL KRA  MB   JCI  SE WOB DOL ISR   LYD DOK WOL RPI RTR    Rank, Team   KLK UCS REN  DC POM   MOR CNG PKL PIG SAP   DUN SCR ACU  AP USA    Rank, Team   SIM LYN    Mean Median St.Dev

  82  90  90 101 101   104  84  96 102  96   91 Hofstra          22-9    83  97  83  93  99    90  89  91  82  86   101  88  80  73  74   91 Hofstra    106  90  67  77 117   108 127  78 107  63   116  98               91 Hofstra     88  60   93.16  90.0  14.48
  96  95  91  85  99   100  90 102 103 107   92 Kent            21-11    82 103  96 105 106    99  98 102  86 101    87  80  91  86  87   92 Kent        75  95  82  98  78    80  80  67  82  80    98 117               92 Kent        96  74   93.72  95.0  10.95
  93  89  95  92  90    85  89  87  92  88   93 St Louis        20-13    99  88  88  86  90    87  87  86  95  88   116 106  86  74  75   93 St Louis   130 104  78  78 123   128 113  80 128  84   129  95  76           93 St Louis   117 103   95.77  89.5  15.91
  94  99  94  96  97   101  92 102 101 111   94 Oral Roberts    23-10    80 101  95 106 105   107 102  93  87 102    83  93  98  90  89   94 O Rob       92  82  98  87  94   109  94 102  99  81   111 103               94 O Rob       25  77   96.08  96.0  14.18
  91  98 109 110 100    99  95 104 106 106   95 Penn             22-8    91 106  90 100 107   113 108 100  89  97    74 110 101  88  81   95 Penn        88  80  81  71 102   104 102 101 110  75   108  75               95 Penn        50 108   97.49 100.0  13.84
  97  94  98  95  98    97  96  97  96 103   96 Loyola-Chicago  21-11    94  95  92 101 100   103 100  95  98  93    94  90  94 101 102   96 LoyChi      89 110  86 117  90   107  95  77  93  95    91  84               96 LoyChi     106  83   97.95  95.0   7.37
 105 100 104  94  95    98 107  99  99 100   97 Houston         18-15   102  99 102 102 103   102 101 103 106 107    96  98 102  83  85   97 Houston     90  87 103  84  89    84  88 126  90  98    93 118  82           97 Houston    101 105   98.57  99.5   9.13
  92  91 107 117  88    89  93  89  94  89   98 Dayton          19-12   101  92  86  91  94    96  97  87 100  71   110 114  97  75  71   98 Dayton     116  86  91  89 120   118 122 107 125  85   112  92  77           98 Dayton     151 138   99.36  93.5  17.37
  99  92  86  90  86    91  87  83  84  77   99 Wake Forest     15-16   111  83 104  81  75    78  84  98  85 103   117  87  96 123 122   99 Wake        96 111 117 130  88    92  86 142 106 140    83  65  81           99 Wake       186 140   99.96  91.5  23.62
 100 107 100 104 108   109  97 118 120 114  100 Bucknell         22-9    85 118  97  98 120    98 103 106  90 104    93 111  87  77  79  100 Bucknell   103  74  76  76 116   114 128 118 118  73   126  88              100 Bucknell    38  81  101.13 103.0  18.52

 ROH SEL GRN SAG BOB   CPR BIH WIL RTH TSR      Rank, Team, Record      WLK DWH COL KRA  MB   JCI  SE WOB DOL ISR   LYD DOK WOL RPI RTR    Rank, Team   KLK UCS REN  DC POM   MOR CNG PKL PIG SAP   DUN SCR ACU  AP USA    Rank, Team   SIM LYN    Mean Median St.Dev

 109 103 102  98 109   107  98 104 112 108  101 Toledo          19-12    98 104 101 107 104   101  99 105  96  99   112 105  99  94  95  101 Toledo     107 103  96  91 107    99 123 108  97  88   104  93              101 Toledo      91  76  103.15 102.0   7.98
  98 110  99 111 116   124  86 110 126 105  102 Vermont          25-7    93 114  87  88 112    92  90  97  92  98   102 128  76  85  77  102 VT         145  75  50  57 151   139 145 124 131  68   148 110              102 VT          46  92  104.32  99.0  26.14
 107 101  97 102  94    93  99  93  98  95  103 Drake           17-15   106  95  99  99  93    94  95  96 103  91   122  94 110 112 114  103 Drake      101 122 108 129 104   105 107  97  95 129    99  79  90          103 Drake      182 128  104.76  99.0  16.86
 104 106 101  99 106   110 105 107 107 113  104 Miami OH        18-14    96 109 111 116 111   105 106 116 104 124   103  96 108  92  90  104 Mia OH      98 101 101 102  93    89  96 119  74  97   102 120              104 Mia OH      99 119  105.77 104.0   9.78
 110  97  96 107  91    92 102  89  88  85  105 South Carolina  14-16   116  89 106  89  82    89  94  99 101  94   131 100 105 109 109  105 SC         124 137 135 127 105   100 110 112 119 135    84  77  84          105 SC         139 179  106.25 101.5  20.36
 103 102 103 108 102   102 111  93  93  94  106 Colorado St     17-13   122  92 109 103  89    97  96 101 117 106   121 118 104 106 107  106 Col St     115 130 100 121 108   110 108  98 109 117   101 114  83          106 Col St     142  86  106.36 105.0  11.86
 102 105 114 105 105   105 109 106 109 110  107 UCF              22-9   115 105 103 110 110   111 112 104 105 100    95 108 107 119 120  107 UCF        112  84 105 108 109   121 100 113 123  92   120 116  79          107 UCF        113  68  106.72 108.0  10.95
 108 109 115 109 112   114 112 113 113 112  108 St Joseph's PA  18-14   107 114 113 111 113   120 121 114 110 118   104  99 119  95 101  108 St Joes     95 107 113 101  95    98  90 103 135 108   133  99  88          108 St Joes    137  87  109.43 110.5  11.43
 119 108 105 100 110   111 115 110 100 109  109 Illinois St     15-16   112 111 122 114 109   108 110 119 116 115   111  95 121 138 138  109 Ill St      84 125 134 152  86   101  85  96  91 148    97  97  97          109 Ill St     162 120  112.82 110.5  17.65
 116 104 117 129 104   103 110  97  89  92  110 St John's       16-15   134  97 115  97  91   117 117 110 109 110   120 123 128 133 136  110 St John    128 118 141 118  99    88 101 121 111 155    80  89  86          110 St John    176 130  113.77 113.0  19.70

 ROH SEL GRN SAG BOB   CPR BIH WIL RTH TSR      Rank, Team, Record      WLK DWH COL KRA  MB   JCI  SE WOB DOL ISR   LYD DOK WOL RPI RTR    Rank, Team   KLK UCS REN  DC POM   MOR CNG PKL PIG SAP   DUN SCR ACU  AP USA    Rank, Team   SIM LYN    Mean Median St.Dev

 101 122 124 119 128    64 108 121 132 124  111 Marist           24-8   108 124 105 115 127   122 122 115 108 117    97 132 109 104 103  111 Marist     135  78  90  97 139   115 144 123 124  78   139 132              111 Marist      81  75  114.54 117.0  19.26
 115 114 116 131 117   115 113 107 116 104  112 Rhode Island    19-14   124 109 114 104 108   110 113 109 113 121   129 130 114 108 108  112 RI         131 135 107 107 128   111 136 114 113 118   107 104  85          112 RI         132 133  115.86 114.0  10.71
 127 111 108  97 103   113 125 110  90  99  113 Baylor          15-16   128 107 126 109  97   109 115 120 125 125   106 102 130 141 141  113 Baylor     100 138 149 149  85    76  87 115  76 169    57 111  87          113 Baylor     232 139  116.15 111.0  29.35
 112 115 122 116 107   106 114 113 114 118  114 Tulsa           20-11   120 112 112 119 119   123 123 112 111 105    98 121 122 118 118  114 Tulsa      111  92 129 112 110   123 104 159 120 119   125 121  93          114 Tulsa      158  90  116.17 115.5  13.34
 113 119 111 106 120   120 127 115 115 120  115 Boise St        17-14   119 113 121 121 117   115 111 121 131 120   119 109 112 111 111  115 Boise St   117 119 124 119 122   135 111  92 133 121   138 101  92          115 Boise St   127  91  116.76 119.0  10.40
 124 117 113 103 119   121 122 120 110 119  116 Evansville      14-17   114 121 129 123 118   116 116 125 121 119   115  97 129 131 133  116 E'ville     81 115 142 154  92   103  93  83  98 150   106 115  99          116 E'ville    129 132  116.93 118.5  15.83
 111 112 112 113 111   108 116 100 105 101  117 Wyoming         17-15   127 100 117 108  98   106 105 107 120 112   133 119 113 122 121  117 WY         138 129 130 114 133   126 138 117 132 131   130 106  91          117 WY         138 121  117.04 115.0  12.24
 114 118 106 121 114   117 103 123 130 121  118 Col Charleston  22-11    97 124 110 113 124   112 109 111 107 109   113 126 103 114 106  118 Char'ton   132 102  95 116 136   137 141 110 116 100   134 133              118 Char'ton   105 104  117.19 114.0  11.74
 126 127 110 124 132   126 106 129 143 129  119 Albany NY        23-9   103 132 107 126 129   104 107 129 102 126   114 127  89  78  83  119 Albany     146  93  84  85 150   136 155 129 112  72   146 150              119 Albany      33 136  117.91 126.0  25.47
 106 116 121 120 118   116 124 115 123 126  120 W Kentucky      22-11   109 116 108 117 125   121 114 108 130 111   109 122 106  97  96  120 W Kent     123  91  93  95 146   155 135  82 169  90   189 160              120 W Kent      79 112  119.39 116.0  22.60

 ROH SEL GRN SAG BOB   CPR BIH WIL RTH TSR      Rank, Team, Record      WLK DWH COL KRA  MB   JCI  SE WOB DOL ISR   LYD DOK WOL RPI RTR    Rank, Team   KLK UCS REN  DC POM   MOR CNG PKL PIG SAP   DUN SCR ACU  AP USA    Rank, Team   SIM LYN    Mean Median St.Dev

 120 125 123 112 129   128 128 132 129 131  121 George Mason    18-15   113 134 128 127 131   127 129 137 124 128   108 104 123 121 119  121 G Mason     82 105 128 134  98   102  98  86 105 125   110 130              121 G Mason    126  99  120.49 125.0  13.86
 118 124 132 118 115   119 121 121 119 122  122 Southern Miss   20-11   129 120 118 122 123   126 127 113 123 114   118 120 127 129 129  122 So Miss    118 126 132 124 113   124 116 148 127 127   113 126  89          122 So Miss    112  95  121.18 121.5   9.55
 123 120 125 134 121   118 117 115 131 116  123 Fordham         18-12   125 118 116 112 116   119 120 117 115 108   126 139 118 107 116  123 Fordham    136 113 122 110 135   125 140 156 136 103   123 107  94          123 Fordham    161 114  121.95 118.5  13.06
 130 113 120 133 113   112 123 109 104 102  124 Iowa St         15-16   136 107 125 118 102   114 118 118 118 113   139 115 133 135 130  124 Iowa St    129 149 160 140 115   112 124 127 126 154    90 102  95          124 Iowa St    190 127  123.24 119.0  18.68
 122 135 134 126 126   127 129 138 152 147  125 Belmont          23-9   105 147 120 140 151   136 134 123 129 127   105 133 115 116 112  125 Belmont    114 108  88 104 132   129 139 105  77  89   115 187              125 Belmont     72  93  124.16 126.0  22.05
 117 121 127 122 123   123 118 123 125 127  126 Ohio            19-13   118 122 119 124 126   124 125 122 119 116   127 112 120 105 105  126 OH         126 112 104 120 137   144 131 120 175 105   181 151              126 OH         143  98  126.06 122.0  16.49
 125 130 119 125 124   131 135 127 111 117  127 Miami FL        12-20   135 127 152 125 114   125 132 143 127 151   128 101 153 157 159  127 Mia FL      97 155 200 164  87    81  83 145  80 190    66  90  96          127 Mia FL     169 154  128.48 127.0  29.76
 121 133 118 115 134   133 120 135 134 137  128 Utah Val St      22-7   110 137 123 141 134   129 126 126 114 130    88 116 116 130 132  128 UT Val     104 123 120 163 121   127 126 111 108  94   117 234              128 UT Val      84      129.39 124.5  23.37
 131 132 136 127 127   125 132 127 124 130  129 UAB             15-16   126 128 134 131 128   132 135 136 134 135   124 125 139 134 137  129 UAB        110 121 140 147 114   116 109 150 139 145   140 146 100          129 UAB        166 106  130.67 131.5  12.48
 136 129 143 130 130   132 137 129 117 128  130 Seton Hall      13-16   144 129 146 130 130   146 153 140 137 141   123 124 159 153 156  130 S Hall      91 171 165 151  81    85  84 139 115 184    96 122 101          130 S Hall     157 142  132.87 134.0  23.40

 ROH SEL GRN SAG BOB   CPR BIH WIL RTH TSR      Rank, Team, Record      WLK DWH COL KRA  MB   JCI  SE WOB DOL ISR   LYD DOK WOL RPI RTR    Rank, Team   KLK UCS REN  DC POM   MOR CNG PKL PIG SAP   DUN SCR ACU  AP USA    Rank, Team   SIM LYN    Mean Median St.Dev

 132 126 126 132 122   122 119 119 118 115  131 Indiana St      13-18   138 116 131 120 115   118 119 124 122 122   160 134 132 139 139  131 Ind St     137 160 144 141 143   157 130 132 162 173   158 113 103          131 Ind St     242 115  134.45 130.5  23.62
 140 123 130 123 138   136 142 129 127 138  132 St Mary's CA    17-15   137 130 149 144 137   140 140 133 139 140   125 117 143 154 148  132 StMaryCA    99 162 147 157 101    94  97 161  86 162   105 153              132 StMaryCA   150 113  134.47 138.0  19.50
 129 136 129 128 135   134 131 143 145 141  133 Sam Houston St  21-10   117 142 127 138 145   128 124 127 135 123   132 129 117 115 113  133 Sam Hou    142 146 109 123 157   163 150 106 197  99   178 188              133 Sam Hou     95 125  135.79 131.0  21.35
 147 147 135 140 139   139 136 135 138 136  134 Tulane          17-13   133 135 137 136 133   137 144 141 136 147   137 159 144 145 144  134 Tulane     155 117 158 139 142   132 143 144 117 144   119 127  98          134 Tulane      98 135  136.89 137.5  12.71
 134 131 133 142 133   130 155 125 121 125  135 Utah            11-19   146 122 144 129 121   133 133 138 159 133   157 138 145 132 135  135 UT         143 132 155 122 140   152 132 135 159 183   149 108 108          135 UT         185 122  138.18 133.5  16.42
 142 134 131 137 136   135 126 133 135 139  136 Oakland         19-14   121 136 132 135 143   130 128 130 128 134   142 131 126 125 124  136 Oakland    139 131 111 132 145   166 142 147 153 116   163 168              136 Oakland    133      139.47 134.0  12.05
 139 128 138 135 131   129 145 125 122 123  137 New Mexico      15-17   154 124 139 128 122   131 130 134 151 131   140 136 142 166 172  137 NM         133 148 173 159 134   142 114 125 152 188   147 131 102          137 NM         181 137  139.73 135.5  17.91
 146 143 137 136 143   142 134 143 136 140  138 W Michigan      16-16   130 142 151 145 139   138 141 148 133 137   136 135 146 150 153  138 W Mich     127 141 152 146 127   133 129 130 129 156   128 147              138 W Mich     128 118  140.19 139.0   8.59
 138 145 139 147 144   138 143 138 147 142  139 S Alabama       20-11   132 140 130 132 146   134 131 131 148 136   138 143 125 127 131  139 SAla       160 127 114 128 166   158 165 109 167 115   198 145              139 SAla       118 134  141.06 138.0  16.57
 145 140 140 151 153   140 144 143 148 148  140 Cal Poly SLO    19-11   142 145 136 148 141   143 138 132 149 143   143 150 138 140 140  140 CP SLO     163 159 136 136 156   145 167 157 104 130    71 163              140 CP SLO      69      144.01 143.0  20.00

 ROH SEL GRN SAG BOB   CPR BIH WIL RTH TSR      Rank, Team, Record      WLK DWH COL KRA  MB   JCI  SE WOB DOL ISR   LYD DOK WOL RPI RTR    Rank, Team   KLK UCS REN  DC POM   MOR CNG PKL PIG SAP   DUN SCR ACU  AP USA    Rank, Team   SIM LYN    Mean Median St.Dev

 128 141 128 114 142   146 133 152 137 149  141 N Dakota St      20-8   123 152 140     142   135 139     126 146   107 113 134 160 160  141 N Dak St   113 163 148 185 125   120 118 104 103 120   109 259              141 N Dak St    62  82  145.40 134.0  31.36
 137 148 150 159 140   141 130 149 168 154  142 ETSU             24-9   131 155 124 147 156   149 147 128 132 132   134 158 124 124 123  142 ETSU       165 128 119 103 170   191 188 134 196  96   183 170              142 ETSU        97      147.68 144.0  24.13
 135 151 142 143 150   148 147 148 158 150  143 North Texas     23-10   140 149 133 143 152   139 137 135 155 139   149 156 131 137 126  143 N Texas    183 139 112 133 185   164 176 146 151 114   166 166              143 N Texas     87      148.55 146.5  18.45
 155 144 147 144 145   144 148 138 142 134  144 Charlotte       14-16   148 144 147 139 138   142 146 149 154 144   153 144 151 146 147  144 Charl      152 145 159 165 144   156 146 175 183 165   160 123 107          144 Charl      184 150  148.86 146.5  13.66
 143 137 156 146 137   137 153 133 128 133  145 Cincinnati      11-19   162 133 155 137 136   158 163 150 153 149   150 140 181 174 175  145 Cincin     134 193 189 155 112   117 115 151 144 217   121 134 104          145 Cincin     214 166  149.77 147.5  25.06
 133 139 144 148 148   143 139 138 146 146  146 Santa Barbara   18-11   139 141 135 133 147   141 136 142 150 129   147 145 136 152 155  146 S B'bara   151 133 123 138 165   168 160 131 185 141   186 198              146 S B'bara   147      150.21 143.5  15.82
 141 159 159 162 165   152 138 157 173 157  147 Niagara         22-11   152 159 142 149 157   155 158 155 138 153   145 187 152 136 134  147 Niagara    187 124 131 105 169   143 171 173 121 126   142 156              147 Niagara     85 149  150.36 152.0  20.02
 148 138 149 145 125   150 146 149 133 132  148 Northwestern    13-18   167 130 153 134 132   152 157 139 141 138   146 137 176 177 178  148 NWestern   121 211 177 181 111   134 105 192 149 204   122 112 105          148 NWestern   267 160  150.74 146.0  31.31
 144 165 153 152 167   156 156 168 165 162  149 Siena           20-12   141 170 150 156 168   157 161 164 157 161   130 162 150 128 127  149 Siena      147 114 139 126 152   138 149 128 134 122   151 173              149 Siena      115      152.24 152.0  16.15
 161 149 145 138 156   161 151 157 155 161  150 WI Green Bay    18-15   147 157 161 158 160   153 152 157 145 159   151 142 154 170 173  150 WI GB      144 178 146 177 141   146 147 136 138 161   144 135              150 WI GB      144 143  153.81 152.0  10.73

 ROH SEL GRN SAG BOB   CPR BIH WIL RTH TSR      Rank, Team, Record      WLK DWH COL KRA  MB   JCI  SE WOB DOL ISR   LYD DOK WOL RPI RTR    Rank, Team   KLK UCS REN  DC POM   MOR CNG PKL PIG SAP   DUN SCR ACU  AP USA    Rank, Team   SIM LYN    Mean Median St.Dev

 150 157 155 161 161   160 150 157 171 165  151 Austin Peay     21-11   155 160 138 151 167   151 148 145 156 152   148 169 141 117 117  151 A Peay     164 142 125 109 168   165 181 171 157 106   173 184              151 A Peay      93      154.35 155.5  20.65
 149 152 157 156 159   151 140 152 164 155  152 CS Fullerton    20-10   156 152 141 142 158   144 142 146 144 142   168 165 135 148 151  152 CS Full    172 161 126 148 192   169 177 138 203 124   205 209              152 CS Full    168 110  156.81 152.0  20.89
 151 150 146 153 151   149 141 146 157 156  153 Weber St        20-11   150 146 143 154 154   150 143 144 140 148   165 155 140 143 143  153 Weber St   181 179 138 135 184   184 172 155 178 133   184 164              153 Weber St   141      157.02 150.0  14.59
 159 142 148 141 158   154 149 146 150 152  154 San Diego       18-14   166 148 160 155 150   145 145 152 143 154   169 154 149 180 170  154 S Diego    157 191 151 186 155   147 157 183 163 163   157 161              154 S Diego    156 126  157.29 154.0  12.91
 164 146 152 172 146   145 161 138 144 135  155 TCU             13-17   185 139 157 146 135   147 149 151 165 145   181 173 158 183 177  155 TCU        180 165 182 166 158   154 163 160 142 196   127 136 110          155 TCU        210 151  157.50 155.5  19.76
 162 161 141 158 157   159 152 156 160 170  156 N Arizona       18-12   143 156 156 165 169   160 150 153 147 155   161 161 148 149 152  156 N Ariz     174 164 133 142 179   162 175 194 141 138   165 172              156 N Ariz     122 169  158.26 158.0  13.48
 163 163 164 149 162   167 172 166 154 158  157 Temple          12-18   157 165 173 162 162   167 169 176 169 170   141 146 182 182 183  157 Temple     122 152 194 174 124   122 119 133 154 195   153 142 114          157 Temple     174 159  158.92 162.5  19.72
 165 156 158 160 152   157 154 152 151 145  158 Rice            16-16   169 151 159 152 148   148 155 156 152 160   170 160 157 158 146  158 Rice       176 172 175 144 161   170 159 218 180 175   169 154 106          158 Rice       179 146  159.51 157.5  16.01
 170 164 151 139 163   166 157 168 162 172  159 Valparaiso      16-15   149 166 166 168 171   154 154 162 146 166   155 148 156 164 167  159 Valp'o     149 170 162 162 148   167 152 170 143 158   159 185              159 Valp'o     159 147  160.94 162.0   9.62
 160 158 154 154 164   164 163 163 161 163  160 IL Chicago      14-18   159 162 168 163 159   159 162 163 161 165   166 151 161 159 162  160 IL Chi     148 173 157 173 147   160 148 181 148 180   137 138              160 IL Chi     211 117  161.10 161.0  14.17

 ROH SEL GRN SAG BOB   CPR BIH WIL RTH TSR      Rank, Team, Record      WLK DWH COL KRA  MB   JCI  SE WOB DOL ISR   LYD DOK WOL RPI RTR    Rank, Team   KLK UCS REN  DC POM   MOR CNG PKL PIG SAP   DUN SCR ACU  AP USA    Rank, Team   SIM LYN    Mean Median St.Dev

 166 153 171 164 147   153 168 149 141 144  161 South Florida   12-18   175 150 164 153 144   165 172 160 166 162   154 149 187 192 194  161 USF        141 202 198 191 130   140 133 154 164 205   136 137 109          161 USF        229 180  162.41 161.0  23.99
 156 166 173 157 141   155 166 157 156 151  162 Penn St         11-19   173 173 162 159 155   174 182 161 168 157   152 141 220 199 199  162 Penn St    125 196 202 190 118   131 117 153 146 233   132 125 111          162 Penn St    225 171  163.32 158.0  28.87
 152 173 169 168 168   168 159 172 187 177  163 E Kentucky      21-11   164 171 148 160 177   161 156 154 162 156   164 178 147 126 128  163 E Kent     184 151 116 125 188   188 202 166 145 113   164 199              163 E Kent     135      164.05 164.0  21.27
 154 162 176 150 155   165 175 168 149 159  164 UTEP            14-17   174 166 169 166 166   173 177 170 184 169   135 157 189 210 211  164 UTEP       119 153 204 176 126   130 106 180 172 213   162 178 113          164 UTEP       173 124  164.08 167.0  25.14
 168 171 162 163 170   171 171 174 166 173  165 Towson          15-17   151 176 163 167 176   169 173 175 171 167   158 153 166 156 157  165 Towson     153 144 168 179 149   150 153 143 130 167   135 148              165 Towson     167      164.89 166.5  11.93
 157 178 178 193 178   174 162 177 185 179  166 Central Conn    22-11   161 181 154 169 180   182 185 167 160 168   144 201 162 147 150  166 C Conn     196 120 137 115 174   151 184 152 140 134   131 171              166 C Conn     100      165.49 167.5  23.07
 169 169 170 175 166   162 158 163 190 171  167 Delaware St     21-12   145 168 145 150 173   156 151 147 158 150   175 196 137 120 125  167 DE St      210 154 115 131 213   221 225 174 214 101   229 194              167 DE St       74 174  165.55 166.0  33.65
 153 167 167 169 169   169 164 168 175 175  168 Tennessee Tech  19-13   168 169 158 161 174   162 160 159 170 163   156 180 155 144 145  168 TN Tech    161 143 145 143 173   174 168 190 155 137   170 221              168 TN Tech    108      165.79 165.5  17.40
 182 160 161 155 172   170 174 162 159 167  169 San Francisco   13-18   171 160 183 170 164   163 159 168 180 171   179 152 164 162 161  169 SanFran    154 185 180 172 153   153 154 195 161 182   152 149              169 SanFran    220 170  168.85 164.0  13.86
 184 155 160 165 154   158 182 137 140 143  170 Oregon St       11-21   189 137 171 157 140   166 166 158 193 158   192 176 192 198 201  170 Oreg St    190 227 211 219 154   149 156 140 166 230   150 119 112          170 Oreg St    231 195  170.59 165.5  29.42

 ROH SEL GRN SAG BOB   CPR BIH WIL RTH TSR      Rank, Team, Record      WLK DWH COL KRA  MB   JCI  SE WOB DOL ISR   LYD DOK WOL RPI RTR    Rank, Team   KLK UCS REN  DC POM   MOR CNG PKL PIG SAP   DUN SCR ACU  AP USA    Rank, Team   SIM LYN    Mean Median St.Dev

 167 170 179 177 171   172 170 167 163 160  171 Marshall        13-19   188 164 175 164 161   168 171 173 172 172   191 166 179 165 168  171 Marshall   170 167 192 153 162   179 161 231 184 192   168 157 118          171 Marshall   208 144  171.53 170.0  17.33
 171 154 163 166 160   163 216 152 139 164  172 Arizona St       8-22   186 152 202 181 149   204 206 178 212 176   167 147 227 221 222  172 Ariz St    140 230 251 227 119    97 112 188 102 263    92 124 116          172 Ariz St    195 188  173.16 169.0  42.48
 176 177 166 170 177   184 180 180 178 184  173 Northwestern LA 17-15   160 180 182 171 188   172 165 169 183 191   176 168 160 167 169  173 NW La      179 150 154 171 187   189 193 178 158 157   185 231              173 NW La      109 141  174.06 176.0  18.26
 174 168 182 171 149   147 185 161 153 153  174 Minnesota        9-22   195 157 181 176 153   188 192 171 188 164   182 167 219 190 191  174 MN         150 240 234 203 138   148 137 164 160 241   143 129 120          174 MN         252 192  175.25 171.0  30.85
 178 175 172 173 180   175 169 173 174 181  175 Portland St     19-13   172 174 170 180 179   183 170 165 167 175   172 172 163 194 193  175 Port St    182 181 164 187 178   161 185 186 137 164   161 238              175 Port St    130      177.13 174.0  16.29
 185 176 175 185 185   186 188 177 176 178  176 UC Irvine       15-18   176 179 186 185 175   171 167 180 197 183   184 175 165 176 165  176 Irvine     167 166 176 170 186   180 190 169 156 179   167 206              176 Irvine     171 156  178.10 176.0  10.17
 172 181 168 176 173   176 165 183 180 191  177 UNC Greensboro  16-14   158 183 174 191 184   179 179 174 164 174   178 164 177 208 210  177 NC Green   166 147 179 183 167   185 164 158 194 176   188 183              177 NC Green   136      178.56 176.5  14.18
 180 187 180 179 186   198 186 186 188 183  178 Yale            14-13   165 190 188 186 191   185 188 185 185 182   171 188 172 142 142  178 Yale       185 157 150 137 189   208 186 172 219 151   236 152              178 Yale        86      179.96 185.0  25.19
 181 174 174 178 176   173 167 174 177 176  179 Youngstown St   14-17   179 174 179 175 172   170 168 177 163 173   196 182 175 173 176  179 Young St   175 212 170 178 176   199 170 198 202 189   179 139              179 Young St   227      181.32 176.0  14.52
 158 186 202 182 174   181 160 195 193 207  180 High Point      22-10   153 198 165 178 209   219 215 166 142 177   159 170 178 185 185  180 H Point    162 183 153 175 171   206 169 149 195 143   214 254              180 H Point    140      182.72 178.0  24.62

 ROH SEL GRN SAG BOB   CPR BIH WIL RTH TSR      Rank, Team, Record      WLK DWH COL KRA  MB   JCI  SE WOB DOL ISR   LYD DOK WOL RPI RTR    Rank, Team   KLK UCS REN  DC POM   MOR CNG PKL PIG SAP   DUN SCR ACU  AP USA    Rank, Team   SIM LYN    Mean Median St.Dev

 190 193 188 198 196   177 179 195 197 188  181 Cornell         16-12   177 195 167 189 197   186 189 193 175 189   177 189 171 169 171  181 Cornell    188 158 167 160 193   193 199 167 188 153   195 167              181 Cornell    145      184.18 188.0  14.06
 206 190 177 192 190   188 181 185 183 182  182 Northeastern    13-19   181 183 191 188 181   177 187 197 178 184   202 192 191 184 184  182 NEastern   199 192 191 194 183   177 187 177 171 193   156 140              182 NEastern   152 182  184.52 184.0  12.59
 199 192 165 167 188   193 190 186 179 195  183 Detroit         11-19   170 186 205 192 186   176 180 203 190 199   188 163 202 191 195  183 Detroit    158 174 193 215 159   178 166 185 174 201   192 158              183 Detroit    180 172  185.00 186.0  14.21
 187 183 195 174 175   179 187 180 167 174  184 SMU             14-17   201 178 190 177 178   184 186 187 187 180   174 174 196 206 207  184 SMU        156 237 213 210 160   182 151 238 208 207   182 196 115          184 SMU        257 123  186.04 183.5  26.40
 189 194 196 184 199   183 196 207 199 205  185 American Univ   16-14   163 202 199 194 214   205 209 202 192 203   163 185 188 178 179  185 American   168 140 169 200 175   173 174 162 173 159   180 182              185 American   114      186.47 186.5  20.32
 183 208 201 200 207   187 193 213 207 208  186 Sacred Ht       18-14   180 209 193 207 216   203 211 212 182 207   162 217 186 151 154  186 Sac Ht     197 134 171 145 201   181 194 122 147 142   155 236              186 Sac Ht      89      186.80 193.5  31.29
 173 199 193 187 200   185 176 200 202 194  187 Loyola MD       18-13   182 204 172 190 202   193 198 204 177 196   173 202 184 172 180  187 Loy MD     189 136 161 150 194   176 197 187 179 147   193 220              187 Loy MD     154      187.09 188.0  17.88
 175 182 198 197 183   182 178 182 189 180  188 William & Mary  15-15   187 182 177 179 183   192 197 190 179 178   185 177 193 196 197  188 Wm&Mary    186 169 181 198 181   186 191 176 170 187   177 159              188 Wm&Mary    230      187.23 182.5  11.53
 195 191 183 188 197   189 209 186 191 185  189 Middle Tenn St  15-17   194 188 189 183 185   175 174 186 217 186   197 193 170 161 158  189 Mid Tenn   217 168 183 156 221   194 215 179 192 177   210 204              189 Mid Tenn   148 168  187.96 188.0  17.05
 186 172 184 181 187   178 173 163 172 168  190 Loy Marymount   13-18   205 163 192 173 165   164 164 172 173 179   214 183 167 187 187  190 L M'mnt    213 242 208 199 215   198 211 214 218 202   202 162              190 L M'mnt    297 177  190.64 184.0  26.35

 ROH SEL GRN SAG BOB   CPR BIH WIL RTH TSR      Rank, Team, Record      WLK DWH COL KRA  MB   JCI  SE WOB DOL ISR   LYD DOK WOL RPI RTR    Rank, Team   KLK UCS REN  DC POM   MOR CNG PKL PIG SAP   DUN SCR ACU  AP USA    Rank, Team   SIM LYN    Mean Median St.Dev

 207 180 199 194 179   180 184 174 169 166  191 Rutgers         11-19   221 171 195 174 170   189 195 192 181 181   207 197 211 215 216  191 Rutgers    200 253 230 218 163   141 162 219 181 237   145 141 117          191 Rutgers    278 197  190.74 190.5  30.93
 191 185 189 186 189   192 189 183 181 193  192 Montana         17-15   198 183 197 196 187   197 193 181 191 195   186 179 195 220 214  192 MT         178 189 201 195 180   172 180 225 176 200   171 242              192 MT         160 155  190.76 189.0  16.00
 197 198 181 196 194   197 212 186 194 196  193 Louisiana Tech  10-20   200 186 207 210 182   190 183 208 216 194   211 198 194 189 192  193 La Tech    202 207 205 197 190   171 198 202 150 209   154 143 119          193 La Tech    206 167  190.83 196.0  20.16
 177 200 185 195 202   194 202 192 201 189  194 Arkansas St     18-15   192 193 187 172 193   187 178 179 209 188   198 191 173 163 163  194 Ark St     215 186 163 158 224   195 226 232 177 160   200 190              194 Ark St     149      191.05 190.5  18.74
 194 184 186 191 192   200 195 186 186 199  195 E Washington    15-14   190 190 204 202 194   195 184 191 194 200   195 181 183 186 186  195 E Wash     173 231 187 206 191   190 183 204 190 181   190 241              195 E Wash     204 153  193.29 191.0  14.04
 179 203 204 199 181   190 192 200 216 204  196 Lipscomb        18-13   183 221 184 200 220   210 205 182 189 187   180 194 199 179 182  196 Lipscomb   171 184 174 184 196   226 196 141 206 149   233 260              196 Lipscomb   170 152  193.58 192.0  22.59
 209 188 197 190 195   202 191 205 192 201  197 IUPUI           15-15   197 200 206 208 201   201 201 195 186 208   189 190 201 209 208  197 IUPUI      169 203 199 208 177   187 173 212 199 199   194 193              197 IUPUI      172 145  195.45 199.0  13.35
 203 195 190 180 191   204 211 199 184 211  198 Idaho St        13-17   184 198 210 215 205   214 203 201 202 209   183 171 203 193 190  198 Idaho St   159 182 210 211 172   196 158 137 193 197   201 265              198 Idaho St   164      196.57 197.5  21.14
 200 197 191 211 201   199 198 186 204 186  199 FL Atlantic     16-15   193 188 185 182 189   180 175 184 205 185   208 213 169 155 149  199 FL Atl     244 194 172 161 241   222 260 203 204 152   224 189              199 FL Atl     209      196.99 193.5  23.83
 193 196 187 189 184   196 183 198 196 202  199 Furman          15-16   178 197 200 198 198   194 194 183 176 192   200 186 190 195 196  199 Furman     192 197 195 196 205   219 192 182 209 194   231 179              199 Furman     219      196.99 195.0  11.16

 ROH SEL GRN SAG BOB   CPR BIH WIL RTH TSR      Rank, Team, Record      WLK DWH COL KRA  MB   JCI  SE WOB DOL ISR   LYD DOK WOL RPI RTR    Rank, Team   KLK UCS REN  DC POM   MOR CNG PKL PIG SAP   DUN SCR ACU  AP USA    Rank, Team   SIM LYN    Mean Median St.Dev

 208 179 192 205 182   191 208 177 170 169  201 Colorado         7-20   245 176 213 184 163   178 191 205 203 193   238 208 216 238 239  201 CO         204 275 248 232 164   159 195 184 165 270   141 155 121          201 CO         263 204  198.76 194.0  34.81
 192 189 194 183 193   205 177 192 182 192  202 Southern Utah   16-14   191 194 198 193 196   191 181 194 174 198   193 184 185 213 206  202 S Utah     177 204 190 224 198   236 179 191 260 186   258 214              202 S Utah     222      200.02 193.0  19.72
 196 209 211 213 208   195 197 205 206 200  203 Columbia        16-12   203 204 176 201 207   208 212 198 196 202   190 235 200 202 203  203 Columbia   228 177 188 182 220   216 218 163 191 172   175 176              203 Columbia   178      200.85 201.5  15.94
 198 212 205 204 211   210 204 215 229 225  204 Murray St       16-14   225 217 196 199 219   198 199 206 214 201   201 223 204 181 181  204 Murray     216 235 166 169 219   200 223 234 210 166   222 225              204 Murray     194 161  206.01 206.0  18.69
 205 211 218 208 210   208 210 211 217 212  205 Samford         16-16   214 208 203 203 213   200 200 200 213 205   203 226 198 175 174  205 Samford    214 190 186 168 223   211 227 245 205 174   206 258              205 Samford    241 162  206.93 208.0  19.51
 210 205 216 207 213   213 200 207 195 197  206 Buffalo         12-19   218 206 219 204 200   206 214 221 198 217   205 199 222 239 236  206 Buffalo    194 199 233 229 182   183 182 208 221 242   191 202              206 Buffalo    247 157  209.05 207.0  17.98
 216 201 203 202 206   206 194 195 198 190  207 C Michigan      13-18   210 195 208 195 190   199 202 211 195 204   223 203 208 227 226  207 C Mich     209 217 203 217 208   214 206 207 224 214   221 180              207 C Mich     260      209.19 206.0  13.81
 219 202 206 210 218   212 225 200 200 206  208 Pacific         12-19   216 202 221 221 203   213 204 217 228 211   212 195 207 204 204  208 Pacific    206 213 218 214 214   192 204 213 207 221   209 223              208 Pacific    183 176  209.38 210.0  10.79
 212 204 200 206 209   203 203 194 205 187  209 LA Monroe       19-14   211 190 194 187 192   181 176 188 206 197   228 212 174 203 188  209 LA Mo      258 238 185 204 250   232 266 261 238 170   250 210              209 LA Mo      226      210.48 204.0  25.02
 201 207 215 232 198   201 206 200 238 214  210 Jackson St      21-13   196 211 178 205 221   196 190 189 225 190   219 258 168 168 166  210 Jackson    273 187 143 180 292   273 285 165 248 139   272 261              210 Jackson    155      211.20 203.0  39.18

 ROH SEL GRN SAG BOB   CPR BIH WIL RTH TSR      Rank, Team, Record      WLK DWH COL KRA  MB   JCI  SE WOB DOL ISR   LYD DOK WOL RPI RTR    Rank, Team   KLK UCS REN  DC POM   MOR CNG PKL PIG SAP   DUN SCR ACU  AP USA    Rank, Team   SIM LYN    Mean Median St.Dev

 204 206 224 231 203   207 201 207 235 217  211 Florida A&M     21-13   204 212 180 218 217   217 213 196 208 206   213 253 180 171 164  211 Fla A&M    260 218 156 167 256   248 268 241 226 146   249 255              211 Fla A&M    131      212.28 212.5  32.28
 214 227 223 226 227   211 222 226 220 224  212 Fairfield       13-19   219 230 225 223 224   233 236 233 224 228   199 220 233 205 205  212 F'field    205 176 222 188 199   175 203 233 189 208   176 213              212 F'field    163      214.84 221.0  18.72
 217 221 219 212 204   218 214 226 226 234  213 Ga Southern     15-16   199 229 220 235 232   221 220 213 207 215   210 200 212 234 235  213 Ga So      193 229 197 249 204   202 200 210 186 210   174 200              213 Ga So      191      215.09 213.5  15.67
 188 220 232 221 220   222 207 222 221 223  214 Robert Morris   17-11   206 223 201 213 231   226 232 215 199 216   187 221 210 207 209  214 R Morris   207 156 184 192 225   239 209 168 265 171   278 270              214 R Morris   193      215.35 215.5  25.15
 202 215 222 220 214   216 220 207 208 203  215 Duquesne        10-19   230 207 224 212 195   224 229 225 211 219   218 211 237 222 223  215 Duquesne   218 209 242 209 197   218 208 229 232 232   208 175 122          215 Duquesne   254      215.55 218.0  20.59
 218 217 214 217 205   217 215 222 211 227  216 Chattanooga     15-18   202 222 216 227 223   228 226 210 210 214   204 205 228 219 219  216 UT Chat    203 225 225 222 203   213 205 201 216 231   203 174              216 UT Chat    205      215.68 216.0  11.05
 227 210 207 214 216   209 199 200 203 198  217 E Michigan      13-19   223 200 215 214 199   211 217 216 200 210   225 219 225 235 233  217 E Mich     219 215 231 226 210   204 216 248 198 236   197 181              217 E Mich     240      215.83 214.5  14.13
 223 232 217 209 232   215 231 235 225 228  218 Boston Univ     12-18   213 233 233 229 238   220 223 238 234 237   194 204 224 211 212  218 Boston U   198 175 224 213 200   201 189 235 213 218   223 237              218 Boston U   187 163  217.36 223.0  18.11
 225 228 220 216 224   225 235 218 215 215  219 New Orleans     14-17   224 215 222 209 210   216 216 219 247 225   220 218 213 217 217  219 N Orl      234 198 220 212 235   224 236 249 236 219   232 218              219 N Orl      175 175  220.05 219.0  14.59
 213 219 212 222 212   219 218 215 219 220  220 Lamar           15-17   212 214 217 226 206   215 210 209 219 222   215 229 205 216 220  220 Lamar      224 221 216 202 228   231 234 262 220 215   235 232              220 Lamar      218      220.80 218.5  10.45

 ROH SEL GRN SAG BOB   CPR BIH WIL RTH TSR      Rank, Team, Record      WLK DWH COL KRA  MB   JCI  SE WOB DOL ISR   LYD DOK WOL RPI RTR    Rank, Team   KLK UCS REN  DC POM   MOR CNG PKL PIG SAP   DUN SCR ACU  AP USA    Rank, Team   SIM LYN    Mean Median St.Dev

 228 214 209 203 219   221 217 215 210 210  221 WI Milwaukee     9-22   226 213 232 219 204   212 218 229 221 223   248 207 230 237 241  221 WI Mil     195 246 237 241 202   207 201 243 187 260   196 186              221 WI Mil     305 194  220.90 218.0  22.30
 220 213 213 215 215   214 213 212 214 213  222 SE Louisiana    16-14   208 209 211 217 212   202 196 199 204 212   234 210 197 229 229  222 SE LA      237 224 206 235 252   255 244 196 259 191   284 264              222 SE LA      250      222.47 213.5  21.31
 215 224 210 218 225   226 234 218 213 209  223 Troy            13-17   217 217 226 211 208   209 207 220 238 224   224 216 206 223 221  223 Troy       233 205 221 220 239   230 235 206 251 216   242 212              223 Troy       244      222.63 220.0  11.66
 211 226 229 230 229   227 205 224 231 219  224 Rider           16-15   222 225 214 197 226   218 222 228 201 221   217 231 214 197 200  224 Rider      245 180 196 189 254   237 254 239 256 178   253 246              224 Rider      238      223.01 224.5  19.93
 224 218 226 224 228   230 219 218 209 216  225 Bowling Green   13-18   237 220 234 206 211   222 224 223 218 230   230 209 232 242 243  225 B Green    212 239 238 240 207   217 212 250 229 247   215 211              225 B Green    275 165  224.54 224.0  17.14
 233 229 235 234 234   232 221 225 234 222  226 Harvard         12-16   238 224 218 216 227   223 227 230 220 229   241 238 217 188 189  226 Harvard    259 200 219 207 258   263 259 227 252 198   245 203              226 Harvard    248 191  227.12 227.0  19.01
 238 222 225 238 222   220 223 213 222 218  227 Georgia St      11-20   227 215 223 222 218   227 233 226 226 218   251 225 234 232 232  227 GA St      235 233 223 258 230   227 241 221 222 238   207 169              227 GA St      246      227.39 225.5  14.04
 221 225 227 219 223   229 232 226 218 229  228 SF Austin       15-14   215 225 230 232 236   232 228 218 232 227   206 215 226 245 246  228 SF Aust    201 220 215 237 216   235 210 211 231 229   271 273              228 SF Aust    207      227.88 226.5  14.77
 243 238 221 228 230   236 228 237 232 240  229 Missouri KC     12-20   235 244 238 225 235   230 230 237 233 236   221 222 253 257 245  229 UMKC       223 262 235 239 209   203 220 215 168 259   172 215              229 UMKC       233      230.62 233.0  19.12
 222 223 244 250 217   224 224 233 245 239  230 Jacksonville    15-14   220 236 212 233 241   246 242 214 223 220   231 250 223 201 202  230 J'ville    240 228 209 193 246   294 255 189 281 185   266 252              230 J'ville    213      231.63 229.5  23.24

 ROH SEL GRN SAG BOB   CPR BIH WIL RTH TSR      Rank, Team, Record      WLK DWH COL KRA  MB   JCI  SE WOB DOL ISR   LYD DOK WOL RPI RTR    Rank, Team   KLK UCS REN  DC POM   MOR CNG PKL PIG SAP   DUN SCR ACU  AP USA    Rank, Team   SIM LYN    Mean Median St.Dev

 229 230 234 254 221   223 240 230 263 246  231 MS Valley St    18-15   207 236 209 240 243   238 231 207 268 213   235 270 209 200 198  231 MV St      283 188 178 201 287   279 294 200 270 168   288 240              231 MV St      146      232.41 232.5  34.64
 248 239 208 201 233   235 230 233 227 236  232 Chicago St       9-20   209 230 247 241 234   207 208 235 215 239   253 206 215 212 213  232 Chi St     208 271 226 271 222   247 221 224 241 227   251 320              232 Chi St     221      232.62 230.0  22.63
 241 245 237 233 246   231 245 245 236 238  233 Brown           11-18   233 243 252 230 240   240 241 245 239 246   216 236 239 230 230  233 Brown      230 214 239 225 233   229 229 265 217 228   212 201              233 Brown      134      232.82 236.0  20.19
 226 216 236 229 226   228 227 221 212 221  234 CS Northridge   14-17   241 219 228 220 215   231 225 222 231 226   232 224 231 250 252  234 CS NR      226 247 236 231 236   241 222 223 286 245   262 244              234 CS NR      270      233.96 228.5  15.42
 234 234 230 235 238   233 242 230 233 226  235 Ark Little Rock 13-17   242 227 236 224 222   225 219 231 244 232   242 251 218 228 227  235 Ark LR     265 232 232 223 262   233 258 244 234 222   239 229              235 Ark LR     243      235.56 233.0  10.98
 240 236 239 223 231   239 248 239 223 237  236 Ball St          9-22   246 238 245 242 233   248 250 247 249 238   233 228 263 274 275  236 Ball St    191 241 291 270 195   209 178 237 211 284   218 222              236 Ball St    295 187  238.32 239.0  26.32
 235 240 249 236 236   237 226 236 240 232  237 Army            15-16   228 233 227 231 244   239 238 227 222 231   243 246 229 225 225  237 Army       257 236 212 245 274   281 237 230 283 206   277 235              237 Army       272      240.17 236.0  17.67
 244 237 233 237 235   234 229 226 247 230  238 McNeese St      16-17   240 227 235 236 228   229 221 224 227 235   262 260 221 236 237  238 McNeese    270 258 217 234 267   256 276 296 250 226   238 233              238 McNeese    217      240.40 235.0  17.43
 247 231 228 227 240   240 249 237 224 241  239 Pepperdine       8-23   270 233 262 234 230   237 235 257 256 243   255 214 254 263 264  239 P'dine     211 277 275 286 212   212 213 236 243 274   216 208              239 P'dine     262 186  240.54 240.0  22.46
 232 241 255 257 241   241 252 245 258 252  240 Hampton         15-16   234 248 229 248 255   256 252 236 262 234   226 264 240 218 218  240 Hampton    253 195 207 221 249   261 263 258 274 203   275 274              240 Hampton    197 184  241.17 248.0  22.51

 ROH SEL GRN SAG BOB   CPR BIH WIL RTH TSR      Rank, Team, Record      WLK DWH COL KRA  MB   JCI  SE WOB DOL ISR   LYD DOK WOL RPI RTR    Rank, Team   KLK UCS REN  DC POM   MOR CNG PKL PIG SAP   DUN SCR ACU  AP USA    Rank, Team   SIM LYN    Mean Median St.Dev

 236 257 240 241 259   242 244 257 254 253  241 Binghamton      13-16   244 257 242 247 253   245 248 262 243 274   209 243 242 254 256  241 Bing'ton   236 201 249 244 232   210 233 255 182 235   211 256              241 Bing'ton   196      241.24 244.0  19.67
 239 251 238 243 251   250 236 254 255 248  242 Hartford        13-18   239 254 239 243 254   235 239 250 235 250   237 234 236 226 228  242 Hartford   238 210 228 236 248   251 247 264 244 212   260 249              242 Hartford   203      241.53 241.0  13.16
 252 254 263 239 242   261 262 243 246 247  243 La Salle        10-20   268 259 244 251 246   266 267 252 266 244   227 241 294 268 268  243 La Salle   225 219 284 269 206   205 207 217 246 277   219 195 123          243 La Salle   264 148  241.65 246.5  33.59
 230 248 250 251 252   247 237 247 251 244  244 Manhattan       13-17   258 249 237 228 242   244 249 256 242 242   240 252 243 231 231  244 Manhat     247 206 241 205 247   228 240 293 249 225   252 262              244 Manhat     261 185  242.05 244.0  17.53
 249 235 231 225 243   246 239 239 228 235  245 Cleveland St    10-21   243 238 260 244 229   236 237 241 230 245   259 227 244 264 266  245 ClevSt     220 289 259 292 227   234 217 240 225 276   204 191              245 ClevSt     281      242.45 239.0  21.12
 245 242 254 240 237   238 233 239 243 233  246 Navy            14-16   231 238 231 237 245   241 244 232 229 233   247 267 238 224 224  246 Navy       261 243 214 242 272   282 243 246 295 211   294 219              246 Navy       268      244.16 240.5  19.16
 255 249 253 245 248   249 264 250 241 254  247 UNC Wilmington   7-22   250 251 263 257 251   253 259 266 258 255   252 233 265 262 263  247 NCWilm     221 260 283 287 218   215 214 216 233 280   227 192              247 NCWilm     265 181  247.03 252.0  22.76
 231 262 261 272 267   245 243 259 257 255  248 F Dickinson     14-16   256 260 243 252 262   255 260 258 236 261   246 256 247 233 234  248 FDU        256 216 246 228 266   250 262 205 254 220   265 280              248 FDU        199 183  247.06 255.0  20.53
 260 246 248 249 250   248 276 243 239 258  249 San Jose St      5-25   257 242 267 276 247   263 254 267 280 249   276 232 272 252 247  249 SJ St      231 276 276 264 226   225 228 271 237 297   225 165 124          249 SJ St      300 196  248.25 249.5  32.21
 250 252 259 248 253   258 257 257 250 251  250 Lehigh          12-19   248 256 251 250 257   254 255 248 251 260   239 255 250 241 242  250 Lehigh     243 248 255 230 251   240 231 273 287 252   268 227              250 Lehigh     249 164  248.81 251.0  17.65

 ROH SEL GRN SAG BOB   CPR BIH WIL RTH TSR      Rank, Team, Record      WLK DWH COL KRA  MB   JCI  SE WOB DOL ISR   LYD DOK WOL RPI RTR    Rank, Team   KLK UCS REN  DC POM   MOR CNG PKL PIG SAP   DUN SCR ACU  AP USA    Rank, Team   SIM LYN    Mean Median St.Dev

 262 250 241 252 239   243 238 250 249 259  251 W Carolina      11-20   229 251 249 259 258   249 245 234 237 240   272 230 246 244 244  251 W Carol    239 270 240 277 244   269 248 222 262 249   269 217              251 W Carol    279      249.26 248.5  14.38
 246 247 268 259 245   254 266 239 242 243  252 Richmond         8-22   273 241 258 254 237   265 268 249 267 248   263 262 285 272 272  252 Richmond   255 272 292 278 234   220 230 254 230 291   199 177 125          252 Richmond   313 189  249.35 254.0  33.25
 242 265 257 263 268   264 246 260 265 257  253 Quinnipiac      14-15   255 264 246 253 261   259 261 265 248 262   236 271 248 240 238  253 Qu'piac    251 208 229 216 257   257 257 197 255 224   246 268              253 Qu'piac    223      249.90 256.0  17.49
 263 233 245 247 244   244 259 230 230 231  254 Portland         9-23   278 230 259 245 225   251 246 242 272 241   280 249 257 279 277  254 Portland   264 284 279 267 240   223 239 304 228 299   217 205              254 Portland   289 198  250.95 246.0  24.82
 261 258 247 244 256   253 241 250 264 249  255 MD Baltimore Co 12-19   254 253 241 246 256   242 243 251 245 252   258 257 241 214 215  255 UMBC       267 245 227 233 270   267 253 292 279 223   290 245              255 UMBC       293      252.31 251.5  18.05
 237 255 273 255 247   260 251 269 261 279  256 Coastal Car     15-15   232 272 250 273 276   284 281 239 240 258   229 237 261 269 270  256 CoastCar   232 254 260 252 229   242 232 263 266 258   254 293              256 CoastCar   189 173  252.52 255.0  23.55
 258 261 243 253 255   256 253 263 269 271  257 TX Arlington    13-17   252 262 257 263 272   243 240 243 250 247   264 240 249 253 255  257 TX Arl     268 286 244 263 265   253 278 226 239 234   234 257              257 TX Arl     201      253.45 254.0  15.42
 259 253 262 242 260   257 250 250 244 245  258 Princeton       11-17   264 250 240 239 250   250 253 254 252 256   244 268 251 266 267  258 Pr'ton     249 234 245 279 269   262 238 279 303 253   292 248              258 Pr'ton     312 158  254.84 253.0  23.17
 269 243 246 246 254   255 247 254 248 256  259 IUPU Ft Wayne   12-17   247 245 256 290 249   247 247 240 241 254   265 263 245 243 249  259 IUPU FW    263 288 252 255 255   243 261 280 235 248   237 302              259 IUPU FW    266      255.07 250.5  14.80
 253 256 242 265 261   252 256 247 256 242  260 Florida Intl    12-17   267 246 248 238 239   234 234 244 259 251   282 275 235 251 251  260 FL Intl    290 278 247 238 290   260 291 287 242 246   255 243              260 FL Intl    284      256.40 251.5  17.11

 ROH SEL GRN SAG BOB   CPR BIH WIL RTH TSR      Rank, Team, Record      WLK DWH COL KRA  MB   JCI  SE WOB DOL ISR   LYD DOK WOL RPI RTR    Rank, Team   KLK UCS REN  DC POM   MOR CNG PKL PIG SAP   DUN SCR ACU  AP USA    Rank, Team   SIM LYN    Mean Median St.Dev

 254 268 275 264 273   277 261 269 268 264  261 Monmouth NJ     12-18   272 269 261 262 270   268 270 279 260 276   245 272 264 259 261  261 Monmouth   248 222 257 260 264   259 250 199 264 250   276 285              261 Monmouth   202 193  258.45 264.0  20.95
 257 269 265 260 270   266 255 265 260 260  262 Canisius        12-19   269 266 255 256 265   261 265 280 255 266   250 254 260 247 254  262 Canisius   242 223 285 248 245   238 242 267 272 243   264 281              262 Canisius   245      258.73 260.0  12.62
 251 264 276 270 258   276 258 279 259 289  263 Liberty         14-17   236 280 270 281 287   298 294 259 246 275   222 247 283 283 285  263 Liberty    222 251 278 259 217   245 219 209 223 272   240 289              263 Liberty    192      259.11 261.5  26.52
 264 263 274 282 262   262 275 273 276 276  264 Kennesaw        13-18   260 276 265 265 279   283 279 264 278 264   256 274 269 276 278  264 Kennesaw   269 249 256 251 242   254 256 193 227 265   220 275              264 Kennesaw   198      261.33 265.0  20.98
 279 276 260 256 280   263 281 275 252 266  265 N Illinois       7-23   276 270 299 274 260   269 271 291 277 294   254 239 292 301 302  265 N Ill      227 273 300 300 211   197 224 260 212 307   187 228              265 N Ill      285 178  262.40 271.0  33.04
 270 244 256 262 249   251 254 247 237 250  266 Centenary       10-21   266 246 264 249 248   257 251 255 261 257   274 244 256 290 296  266 C'tenary   246 255 253 301 243   290 246 282 288 292   289 253              266 C'tenary   299      262.43 255.5  18.41
 278 266 251 271 272   269 265 256 253 262  267 Montana St      11-19   279 255 277 255 252   262 256 261 265 270   279 269 259 286 288  267 Mont St    280 292 272 256 261   252 273 266 247 286   247 276              267 Mont St    255 199  264.18 265.0  16.02
 271 289 269 269 289   271 279 292 279 280  268 Mt St Mary's    11-20   265 289 286 278 284   279 284 296 271 297   249 280 279 256 258  268 MtStMary   254 226 274 243 253   249 251 220 215 254   213 299              268 MtStMary   177      264.92 271.0  26.81
 256 260 279 279 257   265 263 265 271 273  269 Campbell        14-17   251 274 253 272 275   282 280 246 263 259   261 266 267 273 273  269 Campbell   262 256 254 262 259   284 275 247 284 264   263 283              269 Campbell   234      265.48 264.5  11.60
 275 270 252 266 274   273 287 263 262 261  270 LA Lafayette     9-21   275 261 281 258 259   258 257 275 296 273   275 259 255 270 269  270 LA La      279 263 262 247 273   244 277 303 245 289   244 247              270 LA La      239      266.11 264.5  14.62

 ROH SEL GRN SAG BOB   CPR BIH WIL RTH TSR      Rank, Team, Record      WLK DWH COL KRA  MB   JCI  SE WOB DOL ISR   LYD DOK WOL RPI RTR    Rank, Team   KLK UCS REN  DC POM   MOR CNG PKL PIG SAP   DUN SCR ACU  AP USA    Rank, Team   SIM LYN    Mean Median St.Dev

 274 286 258 258 284   267 260 278 275 268  271 Maine           12-18   262 276 273 267 269   252 258 278 254 285   268 265 252 248 250  271 ME         271 268 266 250 275   280 270 285 297 240   305 267              271 ME         235      267.60 268.0  14.70
 265 271 280 268 269   287 269 284 280 298  272 UNC Asheville   12-19   249 287 287 294 289   297 293 270 253 286   271 248 277 249 253  272 NC Ashe    241 300 288 266 237   277 252 270 200 257   226 286              272 NC Ashe    215      267.99 270.5  23.38
 272 259 272 261 271   268 267 261 267 272  273 TX Pan American 14-15   263 262 271 269 268   267 266 260 257 268   266 242 258 294 297  273 TX PanAm   250 299 268 293 260   275 264 228 267 271   270 321              273 TX PanAm   286      269.04 267.5  16.05
 266 272 271 278 275   272 271 269 273 267  274 Tennessee St    12-20   284 266 269 260 266   264 262 272 276 269   277 273 266 260 260  274 Tenn St    266 257 269 254 283   274 283 289 276 255   280 292              274 Tenn St    277      270.68 271.0   8.85
 282 279 277 274 276   278 272 269 270 265  275 Colgate         10-19   274 266 274 266 273   272 272 274 274 278   270 285 273 261 262  275 Colgate    285 252 271 272 284   264 265 290 273 268   273 226              275 Colgate    271      271.12 272.5  10.50
 277 278 264 267 264   282 277 282 272 286  276 Wofford         10-20   253 282 292 287 278   275 277 269 264 283   281 245 286 296 295  276 Wofford    252 298 286 317 238   246 249 259 257 296   259 230              276 Wofford    251      272.09 277.0  18.81
 273 274 278 275 279   275 280 275 283 278  277 NC A&T          15-17   261 276 268 279 280   276 274 273 281 277   260 290 262 271 271  277 NC A&T     278 261 267 261 282   292 286 281 269 244   287 305              277 NC A&T     216      273.35 275.5  14.26
 287 282 282 287 285   279 274 273 274 263  278 Dartmouth        9-18   287 270 276 261 267   270 275 281 279 272   284 295 274 255 257  278 Dartm'th   304 250 270 246 298   291 299 284 280 269   274 239              278 Dartm'th   276      275.14 275.5  14.23
 280 273 289 286 266   270 278 265 293 277  279 Coppin St       12-20   271 274 254 271 282   280 278 271 282 253   289 302 268 246 248  279 Coppin     305 266 243 265 309   309 309 269 306 239   306 287              279 Coppin     237      275.86 275.5  20.07
 267 293 288 280 290   283 285 307 286 308  280 VMI             15-19   259 308 300 304 310   308 306 290 270 304   257 261 299 297 300  280 VMI        229 281 302 294 231   258 245 257 201 281   230 310              280 VMI        200      277.94 287.0  29.97

 ROH SEL GRN SAG BOB   CPR BIH WIL RTH TSR      Rank, Team, Record      WLK DWH COL KRA  MB   JCI  SE WOB DOL ISR   LYD DOK WOL RPI RTR    Rank, Team   KLK UCS REN  DC POM   MOR CNG PKL PIG SAP   DUN SCR ACU  AP USA    Rank, Team   SIM LYN    Mean Median St.Dev

 292 300 266 273 296   281 268 292 288 283  281 New Hampshire   10-20   290 292 282 270 290   260 263 294 269 291   286 283 276 258 259  281 NH         300 280 261 276 299   283 282 277 302 251   301 271              281 NH         236      279.05 282.0  15.51
 281 277 285 283 282   259 286 265 278 270  282 St Bonaventure   7-22   304 265 285 282 264   281 283 289 285 282   303 279 296 278 279  282 St Bon     292 291 306 288 280   289 289 306 313 293   295 197 126          282 St Bon     316      279.31 283.0  31.65
 286 267 270 281 281   280 270 261 266 269  283 CS Sacramento   10-19   289 257 290 277 263   271 264 268 275 284   306 278 271 302 303  283 CS Sac     287 309 264 295 289   285 297 294 253 298   243 290              283 CS Sac     310      279.59 280.5  16.25
 295 280 267 277 277   288 291 284 281 282  284 Nicholls St      8-22   282 281 297 264 277   273 269 286 289 290   294 276 278 293 293  284 Nich St    284 297 289 305 271   268 298 299 240 300   228 269              284 Nich St    258      280.28 282.0  15.87
 290 294 284 276 300   286 288 298 285 284  285 Stony Brook      9-20   291 297 294 288 293   277 282 301 283 301   269 277 287 281 283  285 S Brook    274 259 294 303 281   287 272 242 268 278   283 277              285 S Brook    224      281.83 284.0  15.57
 276 281 295 289 286   284 283 282 289 287  286 S Carolina St   13-17   277 284 272 284 288   291 289 283 295 263   273 294 281 291 290  286 SC St      288 244 263 285 293   299 292 274 296 266   302 300              286 SC St      228      282.00 285.5  14.76
 285 275 290 293 263   274 273 279 287 281  287 Mercer          13-17   280 283 266 280 283   285 285 263 273 265   292 287 270 275 276  287 Mercer     293 283 277 253 304   325 302 253 329 262   329 296              287 Mercer     283      282.36 282.0  17.78
 288 285 293 299 265   285 289 290 291 292  288 Gardner Webb     9-21   283 293 280 289 292   302 298 285 291 280   287 286 293 265 265  288 G Webb     282 279 282 257 279   305 293 286 293 282   298 282              288 G Webb     253 202  282.46 286.0  17.54
 268 284 283 284 294   298 284 281 277 274  289 Morehead St     12-18   293 279 291 268 274   274 273 284 286 303   267 284 284 295 294  289 Morehead   301 267 287 273 277   293 269 305 278 283   286 303              289 Morehead   302      283.57 284.0  11.08
 284 287 297 290 287   292 292 287 284 285  290 James Madison    7-23   301 284 295 293 281   286 299 299 288 293   290 281 304 300 304  290 J Mad      272 287 307 299 263   270 267 268 271 303   257 224              290 J Mad      303      285.49 287.5  16.15

 ROH SEL GRN SAG BOB   CPR BIH WIL RTH TSR      Rank, Team, Record      WLK DWH COL KRA  MB   JCI  SE WOB DOL ISR   LYD DOK WOL RPI RTR    Rank, Team   KLK UCS REN  DC POM   MOR CNG PKL PIG SAP   DUN SCR ACU  AP USA    Rank, Team   SIM LYN    Mean Median St.Dev

 289 283 281 288 293   290 282 275 282 275  291 SE Missouri St  11-20   300 272 289 275 271   278 276 282 284 287   298 292 280 292 292  291 SE MO      299 285 296 282 295   296 301 314 285 279   300 295              291 SE MO      287      286.68 287.0   9.50
 283 288 299 291 295   296 290 288 297 293  292 Morgan St       13-18   285 289 283 283 291   289 291 292 298 292   278 293 289 303 280  292 Morgan     289 264 293 275 288   300 290 283 277 273   303 318              292 Morgan     212      286.70 289.5  15.75
 302 304 292 310 292   297 305 300 315 302  293 Ark Pine Bluff  12-19   281 301 288 300 306   299 290 288 320 288   299 320 288 267 240  293 Ark PB     321 282 265 274 320   306 321 252 289 267   304 279              293 Ark PB     188      290.26 298.0  25.54
 297 302 287 300 291   301 303 309 299 311  294 Elon             7-23   286 314 304 307 305   307 307 300 292 298   296 282 315 298 298  294 Elon       281 304 314 320 268   271 274 301 263 306   256 251              294 Elon       274 200  291.36 299.0  22.48
 294 307 294 297 308   308 298 306 295 297  295 St Francis NY    9-22   299 304 303 296 300   300 305 309 297 309   285 297 303 280 282  295 StFranNY   286 265 297 291 285   272 281 276 275 290   261 298              295 StFranNY   290      292.27 297.0  12.26
 293 305 298 295 310   306 295 303 294 295  296 Wagner          11-19   296 302 302 291 298   294 304 303 290 307   283 300 298 299 299  296 Wagner     294 269 290 289 296   297 288 251 291 285   285 301              296 Wagner     256      292.59 295.5  12.29
 291 291 303 294 283   294 293 292 302 294  297 Stetson         11-20   288 296 293 292 295   295 296 287 293 289   304 296 291 285 289  297 Stetson    296 305 280 284 302   321 304 278 314 287   319 288              297 Stetson    294      293.79 293.5   9.44
 307 298 300 309 297   291 302 292 319 300  298 Grambling       12-14   294 297 278 297 302   292 287 277 314 267   302 324 275 287 281  298 Gramb      328 295 258 280 327   317 327 275 309 261   307 312              298 Gramb      259      294.98 297.0  18.86
 300 299 291 298 305   300 299 297 292 291  299 E Illinois      10-20   306 289 301 286 285   287 288 297 300 295   295 298 300 309 309  299 E Ill      277 290 304 304 301   301 296 311 292 302   293 284              299 E Ill      291      295.43 297.5   7.61
 298 303 286 285 307   309 306 307 296 304  300 Cent Arkansas   10-20   292     313     296   293 292     301 315   288 289 302 311 311  300 C Ark      276 312 309 309 276   265 280 288 258 310   241 294              300 C Ark      280      296.47 296.0  16.86

 ROH SEL GRN SAG BOB   CPR BIH WIL RTH TSR      Rank, Team, Record      WLK DWH COL KRA  MB   JCI  SE WOB DOL ISR   LYD DOK WOL RPI RTR    Rank, Team   KLK UCS REN  DC POM   MOR CNG PKL PIG SAP   DUN SCR ACU  AP USA    Rank, Team   SIM LYN    Mean Median St.Dev

 304 297 304 308 288   293 301 288 318 299  301 TX Southern     14-17   295 299 279 295 304   290 286 276 315 281   310 326 282 277 274  301 TX Sou     326 301 250 290 328   324 328 295 320 256   321 311              301 TX Sou     298      297.30 298.5  18.95
 313 296 312 301 304   304 313 292 290 305  302 East Carolina    6-24   307 288 314 309 303   310 313 302 302 311   309 310 310 312 313  302 ECU        297 333 319 319 297   295 271 323 300 322   291 250 128          302 ECU        331 190  297.36 306.0  36.13
 305 292 309 312 301   295 297 290 310 296  303 Norfolk St      11-19   303 293 284 285 297   303 301 293 304 279   312 317 295 282 284  303 Norfolk    319 293 273 268 319   320 324 300 319 275   320 314              303 Norfolk    296      298.40 298.5  14.48
 296 290 311 305 278   289 294 284 307 290  304 Savannah St     12-18   298 284 275 301 286   296 295 253 294 271   316 316 290 289 291  304 Savannah   322 319 281 283 323   329 316 322 331 295   332 308              304 Savannah   329      298.67 295.5  18.63
 311 295 305 296 302   303 296 298 300 288  305 Lafayette        9-21   305 293 298 299 301   288 297 295 287 302   313 304 297 284 287  305 Lafay'te   303 307 295 308 303   307 305 312 316 294   316 263              305 Lafay'te   318      298.71 300.5  10.43
 301 306 301 321 298   299 312 301 316 306  306 Southern Univ   10-21   297 307 296 303 309   306 303 298 323 296   291 325 301 288 286  306 Southern   323 274 298 281 322   311 323 309 299 288   312 291              306 Southern   273 205  299.13 301.0  20.28
 306 301 310 302 299   302 314 303 304 316  307 Idaho            4-27   317 304 306 321 307   317 315 315 312 299   317 305 321 305 301  307 ID         295 316 320 324 286   286 287 316 294 313   282 207 127          307 ID         319      299.15 306.0  34.28
 303 311 296 292 313   312 304 311 303 309  308 Jacksonville St  9-21   315 309 308 298 308   301 300 307 305 312   293 291 308 315 314  308 Jack St    298 306 299 298 294   266 295 297 282 309   279 297              308 Jack St    282      299.92 303.0  10.94
 299 308 308 304 306   305 310 303 298 307  309 Delaware         5-26   313 303 310 306 299   309 316 314 307 308   301 301 318 306 306  309 DE         291 303 322 322 278   278 279 307 301 311   281 216              309 DE         327      300.99 306.0  18.26
 308 316 307 306 319   317 300 312 306 301  310 Long Island     10-19   312 311 312 302 312   305 309 312 299 317   300 303 305 310 310  310 LIU        306 296 303 302 306   303 308 256 298 301   296 317              310 LIU        306      304.26 306.0  10.23

 ROH SEL GRN SAG BOB   CPR BIH WIL RTH TSR      Rank, Team, Record      WLK DWH COL KRA  MB   JCI  SE WOB DOL ISR   LYD DOK WOL RPI RTR    Rank, Team   KLK UCS REN  DC POM   MOR CNG PKL PIG SAP   DUN SCR ACU  AP USA    Rank, Team   SIM LYN    Mean Median St.Dev

 319 310 302 307 315   314 318 309 301 310  311 UC Riverside     7-24   308 306 316 320 311   311 308 310 317 314   315 299 313 316 316  311 CA Rside   307 317 313 323 307   298 310 321 261 315   267 278              311 CA Rside   301      306.65 310.5  13.28
 312 317 313 324 309   310 322 314 322 314  312 Alabama St      10-20   311 317 305 308 319   315 312 304 328 306   307 323 307 314 312  312 AL St      324 294 301 306 324   322 322 272 317 305   323 319              312 AL St      269      310.23 313.5  12.44
 314 313 306 313 316   311 307 301 305 303  313 UC Davis         5-23   321 300 315     294   304 302     309 313   326 306 306 313 315  313 UC Davis   313 321 310 297 313   310 320 313 305 320   299 333              313 UC Davis   309      310.25 310.5   8.23
 315 321 319 317 325   325 317 323 313 318  314 St Francis PA    8-21   320 321 323 313 321   321 323 323 310 327   297 312 322 321 321  314 St Fran    302 302 321 318 300   302 300 291 290 319   248 315              314 St Fran    292      310.87 318.0  14.93
 309 319 324 303 312   320 311 325 320 324  315 Radford          8-22   302 325 319 318 325   324 324 316 303 320   305 288 320 319 320  315 Radford    275 310 317 325 291   314 284 302 307 321   318 326              315 Radford    325      311.93 318.5  12.55
 317 318 317 314 320   319 316 316 311 313  316 TN Martin        8-23   323 313 318 305 314   314 314 313 316 318   308 311 314 317 317  316 TN Mart    308 311 315 314 310   304 307 320 315 317   313 309              316 TN Mart    322      312.72 314.0   4.41
 318 314 314 316 314   316 315 312 308 312  317 Texas St         9-20   316 311 317 311 313   313 311 305 311 316   318 308 311 323 323  317 Texas St   312 320 312 321 311   318 319 318 311 324   308 316              317 Texas St   308      312.82 314.0   4.56
 316 309 318 319 303   307 308 319 314 321  318 Citadel          7-23   310 316 307 316 320   319 320 306 306 305   328 314 317 308 307  318 Citadel    318 326 325 330 318   319 312 324 326 312   317 266              318 Citadel    326      313.00 316.5  10.77
 310 315 320 318 311   313 309 317 317 315  319 Longwood         9-22   309 315 309     317   316 317     308 310   319 313 309 307 308  319 Longwood   316 315 308 310 321   326 318 298 328 308   326 325              319 Longwood   311      313.73 315.0   6.35
 323 320 315 311 321   321 320 320 309 320  320 W Illinois       7-23   318 318 325 314 316   318 318 317 313 324   314 307 323 327 328  320 W Ill      311 318 326 327 312   315 306 315 318 328   314 272              320 W Ill      328      315.51 318.0   9.54

 ROH SEL GRN SAG BOB   CPR BIH WIL RTH TSR      Rank, Team, Record      WLK DWH COL KRA  MB   JCI  SE WOB DOL ISR   LYD DOK WOL RPI RTR    Rank, Team   KLK UCS REN  DC POM   MOR CNG PKL PIG SAP   DUN SCR ACU  AP USA    Rank, Team   SIM LYN    Mean Median St.Dev

 321 323 316 326 318   315 319 317 328 317  321 Alcorn St       11-19   319 322 311 310 318   312 310 308 324 300   325 329 312 320 319  321 Alcorn     329 308 305 296 330   327 333 308 323 304   331 323              321 Alcorn     304      315.77 318.5   9.20
 320 312 321 323 317   318 324 314 312 319  322 TX San Antonio   7-22   322 310 320 312 315   320 319 311 319 319   320 321 316 318 318  322 UTSA       315 328 328 326 316   312 314 327 310 325   310 304              322 UTSA       314      316.00 318.0   5.60
 325 325 326 325 326   324 321 321 325 322  323 Howard           9-22   325 320 322 315 324   323 322 319 322 325   322 327 319 324 324  323 Howard     325 313 311 316 326   331 325 310 334 314   334 332              323 Howard     307      320.65 324.0   6.08
 327 330 329 320 332   333 328 331 326 329  324 St Peter's       5-25   330 327 332 325 330   332 332 327 326 333   311 319 332 328 329  324 StPeter    310 314 333 329 308   276 303 325 304 327   297 313              324 StPeter    315      320.68 327.0  12.35
 324 322 322 322 322   322 323 321 321 323  325 S Dakota St      6-24   326 319 324     322   322 321     321 323   321 318 326 329 327  325 S Dak St   317 322 327 315 314   313 317 328 324 326   315 335              325 S Dak St   330      321.20 322.0   4.63
 328 328 325 328 331   330 332 326 324 326  326 Denver           4-25   332 323 330 317 323   327 326 326 331 330   331 322 329 335 335  326 Denver     327 323 329 328 325   316 326 329 327 334   324 306              326 Denver     317 206  322.22 327.0  20.08
 331 334 334 329 333   334 334 334 332 334  327 Iona             2-28   333 331 334 328 334   334 334 329 333 334   324 328 336 326 326  327 Iona       320 324 334 332 315   288 313 330 312 330   309 307              327 Iona       320 201  322.62 331.0  22.53
 329 327 323 315 329   329 330 327 323 332  328 N Colorado       4-24   331 326 333 323 329   330 329 325 330 331   323 309 333 336 336  328 N Colo     309 332 331 331 305   308 311 333 308 335   311 328              328 N Colo     334      323.53 329.0   9.04
 326 324 331 331 328   323 326 323 329 325  329 Bethune-Cookman  9-21   328 324 321 319 326   326 328 318 329 322   330 332 324 322 322  329 B Cook     332 325 316 312 331   332 332 332 330 318   325 324              329 B Cook     323      323.67 325.5   4.93
 322 326 333 327 323   328 325 333 327 331  330 Charleston So    8-22   314 330 328 324 332   333 333 320 318 329   327 315 331 330 330  330 Chas Sou   314 330 330 335 317   323 315 326 321 332   322 327              330 Chas Sou   332      324.27 327.0   5.99

 ROH SEL GRN SAG BOB   CPR BIH WIL RTH TSR      Rank, Team, Record      WLK DWH COL KRA  MB   JCI  SE WOB DOL ISR   LYD DOK WOL RPI RTR    Rank, Team   KLK UCS REN  DC POM   MOR CNG PKL PIG SAP   DUN SCR ACU  AP USA    Rank, Team   SIM LYN    Mean Median St.Dev

 334 331 330 334 330   331 333 330 331 330  331 Alabama A&M     10-20   327 329 329 326 331   331 330 321 334 328   329 333 328 334 333  331 AL A&M     335 329 323 334 334   328 334 317 325 331   328 329              331 AL A&M     288 203  324.31 330.0  21.55
 332 329 327 330 324   326 329 332 334 333  332 W Salem St       5-24   324     326 327 333   325 325 324 325 321   334 331 325 304 305  332 W-Salem    330 335 318 311 329   330 330 331 322 316   333 330              332 W-Salem    321      324.35 327.0   7.42
 330 332 328 332 327   327 331 328 333 327  333 Prairie View     8-22   329 327 327 322 327   328 327 322 332 326   332 334 327 325 325  333 Pr View    333 327 324 313 336   334 335 319 332 323   330 322              333 Pr View    324      325.92 327.0   4.75
 333 333 332 333 334   332 327 329 330 328  334 NJIT             5-24   334     331     328   329 331     327 332   333 330 330 331 331  334 NJIT       331 331 332 307 332   333 329 334 336 329   335 334              334 NJIT       333      328.99 331.0   4.69
 336 335 335 335 335   335 336 335 335 336  335 N Florida        3-26   335 332 335 330 336   336 336 328 336 336   335 335 335 333 334  335 UNF        336 336 335 333 333   335 331 335 333 336   327 331              335 UNF        336      332.18 335.0   2.25
 335 336 336 336 336   336 335 336 336 335  336 MD E Shore       4-27   336 332 336 329 335   335 335 330 335 335   336 336 334 332 332  336 MD E Sh    334 334 336 336 335   336 336 336 335 333   336 336              336 MD E Sh    335      332.71 335.0   1.74

