 BOB GRN SEL ROH SAG   WLK WOB KPK DOL COL      Rank, Team, Record      RTH DOK DWH REN JCI    SE WOL POM  MB BIH   RPI ECK  DC CNG MOR    Rank, Team   PKL PIG SAP LYN DUN    PH ACU SCR SIM  AP   USA TRX    Mean Median St.Dev

   1   2   1   1   1     1   2   2   1   1    1 Duke             30-3     1   1   2   1   2     2   1   1   2   1     1   1   1   1   3    1 Duke         1   4   1   1   5     1   1   1   1   1     1   2    1.46   1.0   0.90
   2   1   2   2   2     2   1   1   2   3    2 Connecticut      27-3     2   3   1   2   1     1   2   2   1   2     3   4   3   3   2    2 CT           2   5   3   2   4     3   2   4   8   2     2   1    2.38   2.0   1.36
   3   3   3   3   3     3   3   3   3   2    3 Villanova        25-4     3   4   3   3   3     3   3   3   3   3     2   2   2   6   6    3 V'nova       3   6   2   6   8     6   3   2   5   3     4   5    3.54   3.0   1.45
   5   4   5   4   5     5   4   4   4   4    4 Memphis          30-3     4   6   4   4   4     4   4   7   4   4     4   3   4   8  10    4 Memphis     16   9   4   5  10     2   4  10   4   4     3  15    5.51   4.0   3.13
   4   6   4   5   4     4   5   5   6   8    5 Texas            27-6     5   2   5   8   8     8   8   6   6   6     8   6   8   2   5    5 TX           6   8   7   3   6     4   5  11  10   9     9   4    6.05   6.0   2.13
   6   5   6   6   8     6   6   6   7   5    6 Ohio St          25-5     6  10   6   6   6     6   7   9   7   8     5   5   5  11  12    6 Ohio St      4  13   6   8  12    13   7   5   9   6     6   8    7.22   6.0   2.38
   8   9  12  10   9     8  13  12  14  11    7 North Carolina   22-7    10   8  12  13  13    13  13  10  13  13    12   8   6   5   1    7 NC          10   1  17   4   1    10   6  12   6  10    12   6    9.49  10.0   3.83
   7   7   7   7   7     9   7   7  11   9    8 Illinois         25-6     7   5   7   5   7     7   9  11   8   9    14  11  12  10   9    8 IL           9  15   9  10  17    11   8  26  14  13    14  10    9.86   9.0   3.94
  13   8   9   9   6     7   8   8   8  13    9 Florida          27-6     8   9  10   9  11    11  10   5  10  10    15  17  15   7   8    9 FL           7   7  12   7   7     7   9  31  12  11    10   9   10.09   9.0   4.42
  12  10  11  12  10    11  10   8  13  10   10 Pittsburgh       24-7     9  12   8  12  10    10  12   8   9  15    11  14  11  13  11   10 Pitt         5  11  10  13  11    14  13  27  13  16    16   7   11.59  11.0   3.52

 BOB GRN SEL ROH SAG   WLK WOB KPK DOL COL      Rank, Team, Record      RTH DOK DWH REN JCI    SE WOL POM  MB BIH   RPI ECK  DC CNG MOR    Rank, Team   PKL PIG SAP LYN DUN    PH ACU SCR SIM  AP   USA TRX    Mean Median St.Dev

   9  15   8   8  13    14  14  13  10   7   11 UCLA             27-6    13  14  15  18  21    19  17  12  14  11    10  10  13  14   7   11 UCLA        12   2  11  17   3     9  11   6   3   7     8  21   11.62  12.0   4.68
  11  12  10  13  15    13  11  11  15  12   12 Iowa             25-8    12  11  11  10  12    12  11  14  12  14     7  12   9  17  13   12 IA          15  10   8  16   9    20  15   8   7  15    15   3   11.92  12.0   3.20
  10  11  13  11  11    10  15  14  16  16   13 Kansas           25-7    11   7  14  17  23    22  19   4  15  17    20  16   7   4   4   13 KS          11   3  22  11   2     5  16   9   2  12    13  12   12.03  12.0   5.70
  14  14  15  17  12    12  17  15  19  15   14 LSU              23-8    14  13  17  14  15    16  16  13  17  18    13  13  10  12  17   14 LSU         29  18  16  12  20    15  20   3  34  19    18  14   15.85  15.0   4.97
  15  18  16  16  14    15  16  15  17  14   15 Tennessee        21-7    16  15  15  15  16    14  15  15  19  16     6   9  17  16  22   15 TN          20  20  14  19  24    21  17   7  38  18    19  20   16.76  16.0   5.08
  17  17  19  18  17    18  18  18  12  18   16 Boston College   26-7    17  16  18  16  14    15  14  19  16  12    22  20  18  20  15   16 BC          25  12  19  14  15    24  12  38  30   7     7  11   17.26  17.0   5.68
  16  13  14  14  18    17   9  10   5   6   17 Gonzaga          27-3    15  36   8  11   5     5   5  27   5   5     9   7  14  37  39   17 Gonzaga     18  47   5  20  41    44  14  16  43   5     5  36   17.42  14.0  13.40
  18  26  17  15  20    23  21  23  20  19   18 Washington       24-6    22  17  24  23  34    31  29  20  27  20    35  31  29   9  14   18 WA          13  16  26   9  16    17  19  66  22  17    17  16   22.19  20.0   9.70
  29  16  21  19  22    16  12  17   9  17   19 G Washington     26-2    18  22  13   7   9     9   6  31  11   7    37  21  24  55  42   19 G Wash      24  52  13  24  63    30  10  48  31  14    11  25   22.57  19.0  14.27
  24  19  26  21  16    19  22  20  21  27   20 Georgetown       21-9    21  19  20  19  18    17  23  17  20  22    36  37  33  22  20   20 G'town       8  22  31  18  26    26  18  36  59  23    24  19   23.49  21.0   8.47

 BOB GRN SEL ROH SAG   WLK WOB KPK DOL COL      Rank, Team, Record      RTH DOK DWH REN JCI    SE WOL POM  MB BIH   RPI ECK  DC CNG MOR    Rank, Team   PKL PIG SAP LYN DUN    PH ACU SCR SIM  AP   USA TRX    Mean Median St.Dev

  23  20  24  22  21    24  23  21  24  29   21 West Virginia   20-10    19  18  21  26  19    20  24  18  21  25    38  33  22  19  21   21 WV          14  24  48  21  23    38  23  15  37  22    23  31   24.16  23.0   6.93
  19  21  20  24  29    26  24  22  27  23   22 Michigan St     23-11    23  26  22  21  20    23  21  23  22  28    18  22  25  29  18   22 Mich St     22  23  32  25  19    60  33  19  46            13   25.47  23.0   8.30
  30  24  22  20  27    20  20  25  18  20   23 Nevada           27-5    33  27  25  27  31    24  20  21  29  19    19  18  16  45  50   23 NV          65  27  15  34  30    25  24  20  19  20    21  39   26.20  24.0  10.05
  20  22  23  25  19    22  25  24  28  28   24 Arkansas         22-9    20  25  23  29  26    27  26  16  23  27    45  42  45  15  16   24 AR          45  17  40  15  14    18  32  44  16            23   26.52  24.0   9.30
  21  23  18  23  26    32  19  19  22  21   25 Syracuse        23-11    24  33  19  20  17    18  22  52  18  23    17  15  19  40  30   25 Syracuse    34  26  34  52  31    64  22  14  82  21    22  18   27.32  22.0  14.34
  22  30  25  26  35    31  27  26  29  24   26 Oklahoma         21-8    27  40  28  33  28    32  32  38  24  26    16  19  23  30  27   26 OK          35  54  24  32  45    43  30  37  89  24    20  28   31.32  28.0  12.31
  32  25  30  35  25    30  30  27  37  38   27 Indiana         19-11    26  20  27  24  24    25  25  41  25  38    34  39  28  31  33   27 IN          41  29  50  31  32    45  44  21  71            27   33.22  30.0   9.79
  36  27  31  33  31    35  31  30  35  32   28 Marquette       20-10    34  43  30  31  27    28  35  22  30  36    31  26  39  35  29   28 Marq'te     33  21  39  27  22    63  26  22  70            26   33.47  31.0   9.89
  33  28  35  32  24    36  29  27  30  36   29 NC State         21-9    25  24  25  22  25    26  31  25  28  29    51  43  31  26  28   29 NC St       19  71  54  22  66    36  21  50  49            17   33.64  29.0  12.71
  27  32  29  29  32    27  26  30  25  22   30 Wichita St       24-8    37  31  35  34  32    29  28  39  35  24    27  25  26  50  54   30 Wich St     39  55  29  33  42    54  27  13  45                 34.26  30.5   9.62

 BOB GRN SEL ROH SAG   WLK WOB KPK DOL COL      Rank, Team, Record      RTH DOK DWH REN JCI    SE WOL POM  MB BIH   RPI ECK  DC CNG MOR    Rank, Team   PKL PIG SAP LYN DUN    PH ACU SCR SIM  AP   USA TRX    Mean Median St.Dev

  25  34  27  30  39    39  28  29  26  34   31 Texas A&M        21-8    30  39  29  39  38    39  40  33  26  30    44  35  34  23  19   31 TexA&M      46  14  44  26  13    23  31  70 103            29   35.14  31.0  15.69
  26  37  28  27  36    34  32  30  50  31   32 Wisconsin       19-11    28  29  30  28  29    34  38  34  37  45    24  34  21  24  40   32 WI          28  45  43  35  54    40  45  17  80            30   35.66  34.0  11.27
  34  33  32  42  34    37  34  30  38  35   33 Kentucky        21-12    29  38  30  35  35    35  39  30  31  37    41  40  35  32  23   33 KY          49  25  56  30  21    55  42  25  56            33   36.45  35.0   8.37
  31  35  38  28  33    28  35  36  34  25   34 N Iowa           23-9    36  21  37  38  36    33  34  24  39  34    25  32  50  39  56   34 N Iowa      21  73  33  37  79    29  39  47  24                 37.65  34.5  12.56
  40  40  40  37  44    42  38  39  33  33   35 UAB              24-6    42  51  39  44  39    36  30  44  33  32    32  28  32  61  52   35 UAB         44  42  23  28  50    33  25  75  25  25    25       38.73  38.5  10.68
  28  29  37  34  23    21  37  40  32  26   36 Missouri St      20-8    39  23  42  42  40    38  36  26  43  33    21  27  44  21  43   36 MO St       17  44  27  43  53   155  48  40  26                 38.76  36.5  22.63
  35  47  34  36  41    47  40  38  36  37   37 Arizona         20-12    38  44  40  50  51    50  48  35  45  42    23  38  30  18  26   37 AZ          40  32  45  38  33    50  34  24  83                 40.81  38.0  11.17
  37  38  36  47  28    48  33  34  47  39   38 Cincinnati      19-12    35  41  34  41  30    30  41  53  32  48    40  36  36  27  35   38 Cincin      23  51  66  44  39    70  43  23 100                 42.48  38.5  14.62
  44  36  44  48  30    40  41  36  39  57   39 Florida St       19-9    32  32  36  36  37    41  43  36  36  40    63  64  58  25  32   39 Fla St      48  46  65  23  44    48  28  77  54            22   42.93  40.0  12.59
  43  44  42  38  37    33  50  49  51  46   40 Bradley         20-10    49  37  51  47  49    49  47  32  51  50    33  48  37  44  47   40 Bradley     37  39  35  40  28    22  37  46  33                 42.98  43.5   7.51

 BOB GRN SEL ROH SAG   WLK WOB KPK DOL COL      Rank, Team, Record      RTH DOK DWH REN JCI    SE WOL POM  MB BIH   RPI ECK  DC CNG MOR    Rank, Team   PKL PIG SAP LYN DUN    PH ACU SCR SIM  AP   USA TRX    Mean Median St.Dev

  38  39  33  39  40    43  39  34  45  40   41 Michigan        18-10    31  34  30  30  33    37  42  45  34  44    47  47  51  41  49   41 MI          26  59  58  45  49    65  46  43 113            24   43.88  41.0  15.11
  39  45  43  31  45    44  46  49  46  30   42 S Illinois      22-10    57  28  51  32  43    42  46  48  58  35    29  52  20  62  53   42 S Ill       67  48  28  55  40    32  38  29  52                 44.21  44.5  11.00
  48  31  50  45  43    41  36  41  23  43   43 Bucknell         26-4    46  42  37  25  22    21  18  42  38  21    42  24  38  77  91   43 Bucknell    51  68  21  36  87     8      71  11                 44.23  41.0  20.12
  51  42  51  40  48    29  53  54  41  44   44 UNC Wilmington   25-7    55  30  55  40  44    44  33  40  60  39    28  29  27  63  71   44 NCWilm      27  30  20  41  48    16      30  18                 44.37  41.0  13.29
  49  41  49  44  38    25  54  54  43  45   45 George Mason     23-7    53  35  55  49  45    45  37  28  56  47    26  23  41  46  75   45 G Mason     30  56  25  29  77    12      32  15                 45.50  44.0  14.82
  41  51  39  41  51    51  42  43  40  47   46 California      20-10    43  54  45  43  54    54  55  50  47  41    52  63  47  33  46   46 CA          47  37  60  39  43    76  29  39  88                 49.08  46.5  11.38
  42  49  41  43  46    45  45  47  48  42   47 Creighton        19-9    51  45  48  46  48    48  45  54  49  46    39  44  48  60  69   47 Cr'ghton    32  72  36  56  67    67  40  45  61                 50.04  46.5   9.37
  45  46  46  55  42    52  49  44  49  58   48 Maryland        19-12    40  50  43  45  42    43  44  57  41  51    49  41  54  42  48   48 MD          79  53  69  48  56    75  36  34 115            32   51.23  48.0  15.08
  55  43  55  49  64    38  48  53  31  41   49 Hofstra          24-6    62  46  53  37  41    40  27  55  54  31    30  30  40  89  89   49 Hofstra     38  63  18  60  72    39      93  32                 52.46  46.0  18.09
  50  59  47  46  56    59  44  49  44  48   50 Air Force        24-6    52  48  49  58  58    59  52  49  55  43    50  51  56  49  58   50 A Force     55  70  30  54  73    27  41 104  58            37   53.10  51.0  12.84

 BOB GRN SEL ROH SAG   WLK WOB KPK DOL COL      Rank, Team, Record      RTH DOK DWH REN JCI    SE WOL POM  MB BIH   RPI ECK  DC CNG MOR    Rank, Team   PKL PIG SAP LYN DUN    PH ACU SCR SIM  AP   USA TRX    Mean Median St.Dev

  56  54  57  58  49    55  60  54  60  70   51 South Carolina  18-15    50  49  54  71  56    58  65  37  50  71    62  68  61  36  24   51 SC          59  19  83  50  18    42  72  35  60                 54.70  56.0  14.82
  54  50  48  54  58    53  47  44  54  49   52 Seton Hall      18-11    45  58  44  52  46    47  53  56  40  54    58  56  55  82  70   52 S Hall      71  67  67  51  55   110  53  33  63            34   55.73  54.0  13.79
  57  61  56  51  62    63  56  57  52  51   53 San Diego St     24-8    64  62  60  63  76    72  64  51  63  53    56  61  49  57  51   53 SD St       64  40  49  49  46    62  35  28  20                 55.79  56.5  11.37
  53  48  53  56  50    58  52  47  55  60   54 Louisville      18-12    41  53  47  54  47    46  59  43  42  60    71  59  69  47  31   54 Lville      43  36  80  53  36    66  54  67 134                 56.05  53.0  17.46
  47  55  52  53  57    61  51  46  61  54   55 Alabama         18-12    48  59  45  57  50    53  57  71  46  55    57  54  46  56  45   55 AL          94  50  72  47  47    92  61  18  97            38   56.33  54.0  15.09
  46  53  45  50  47    62  43  41  42  52   56 Colorado         20-9    44  52  41  51  52    52  49  62  44  49    59  62  60  34  68   56 CO          31 105  53  57  98    80  50  96 124            35   57.38  52.0  20.62
  66  57  62  65  54    49  70  89  62  72   57 St Joseph's PA  18-13    69  47  66  55  57    60  56  47  71  67    43  65  64  59  34   57 St Joes     70  31  63  72  35    28  57  42  41                 58.23  59.5  13.68
  62  56  61  57  65    50  55  58  64  55   58 Kent             25-8    70  61  63  53  61    56  51  59  65  56    48  46  42  90  62   58 Kent        74  49  42  76  59    47      53  17                 60.45  57.0  12.21
  60  52  68  69  52    60  73  58  79  78   59 Notre Dame      15-13    54  55  55  64  55    57  84  29  53  81    95  84 101  28  25   59 N Dame      36  28 111  42  27    61  69  72  50                 61.85  59.0  21.28
  52  58  54  62  55    67  57  52  56  62   60 Vanderbilt      17-12    47  57  50  60  53    55  63  63  48  59    72  69  66  48  55   60 Vandy       95  75  81  59  70    85  56  60 102                 63.42  59.0  12.81

 BOB GRN SEL ROH SAG   WLK WOB KPK DOL COL      Rank, Team, Record      RTH DOK DWH REN JCI    SE WOL POM  MB BIH   RPI ECK  DC CNG MOR    Rank, Team   PKL PIG SAP LYN DUN    PH ACU SCR SIM  AP   USA TRX    Mean Median St.Dev

  58  65  58  52  67    56  58  58  58  53   61 Utah St          23-8    72  65  60  69  73    63  58  66  66  52    46  49  43  67  87   61 Utah St    105  91  38  58  96    53  62  68  79                 64.84  61.0  14.50
  65  63  75  75  60    68  76  70  68  76   62 Clemson         18-12    58  66  67  59  62    66  74  58  68  73    77  80  80  43  36   62 Clemson     53  35  84  46  25    58  55  81 117            40   65.09  66.0  17.00
  61  67  60  61  59    65  66  70  57  64   63 Xavier          21-10    66  56  67  67  68    64  68  67  72  69    80  74  70  54  59   63 Xavier      42  65  74  65  75    31  59  97  84                 66.44  66.0  11.20
  69  60  63  73  53    73  63  58  69  65   64 Rutgers         19-13    60  60  55  56  59    51  69  64  52  77    75  70  71  70  67   64 Rutgers     56  60  88  69  65    87  68  52 101                 67.19  65.0  10.92
  63  71  69  60  66    57  61  70  73  61   65 WI Milwaukee     21-8    79  67  74  61  79    71  67  68  82  68    53  60  52  68  57   65 WI Mil      60  58  52  88  57    37      58  44                 67.23  63.0  10.60
  71  64  67  64  61    46  64  70  59  56   66 Iona             23-7    78  74  76  48  63    62  50  61  79  57    64  58  63  83  85   66 Iona        54  66  55  83  89    34     110  35                 68.37  64.0  15.33
  75  62  73  81  68    72  77  65  72  87   67 Miami FL        16-15    56  63  64  76  60    65  75  60  59  75    78  78  82  53  37   67 Mia FL      66  43 103  63  34    71  65  49  90                 68.51  67.0  14.36
  67  68  71  76  63    76  81  68  81  85   68 Oklahoma St     17-15    59  69  72  89  78    77  87  46  62  85    89  83  88  38  38   68 Okla St     58  33 108  66  29    74  71  85  92                 71.88  73.0  17.93
  72  78  66  63  91    54  62  77  74  59   69 S Alabama        24-6    86  86  82  62  85    82  61  75  93  64    66  57  57  98  76   69 SAla        75  41  47  80  60    57     124  21                 73.70  72.0  18.61
  68  70  74  80  74    83  75  67  77  83   70 Wake Forest     17-16    61  68  65  70  66    73  83  69  64  80    85  85  87  66  41   70 Wake        68  38 113  70  37    90  66  76 109                 73.87  71.5  15.80

 BOB GRN SEL ROH SAG   WLK WOB KPK DOL COL      Rank, Team, Record      RTH DOK DWH REN JCI    SE WOL POM  MB BIH   RPI ECK  DC CNG MOR    Rank, Team   PKL PIG SAP LYN DUN    PH ACU SCR SIM  AP   USA TRX    Mean Median St.Dev

  59  79  59  59  80    66  59  64  63  50   71 W Kentucky       23-7    80  89  71  79  77    75  60  87  75  58    55  45  53  92 104   71 W Kent      81 110  46  99 116    73      65  40                 74.80  71.0  18.71
  64  66  65  74  77    79  72  63  91  75   72 Minnesota       15-14    63  75  62  68  64    68  77  72  61  86    83  72  77  76  63   72 MN          73  57 109  86  51   108  75  54 127                 75.38  72.5  15.79
  70  85  76  67  84    70  74  78  75  69   73 Houston          20-9    89  84  83  93  88    91  76  81  88  74    54  50  72  87  80   73 Houston     88  69  57  75  78    46  52 100  66                 76.45  76.0  12.89
  78  75  77  78  75    77  82  78  84  90   74 Temple          17-15    73  76  76  74  71    89  73  76  81  82    74  91  67  65  60   74 Temple      86  61  87  89  62    52  70  69  76                 76.61  76.0   9.12
  73  83  64  68  76    86  65  68  53  63   75 Brigham Young    20-8    77  80  79  83  87    83  81  94  74  63    67  71  65  78  81   75 BYU        101  96  62  73  81    86  49  89  78                 76.71  77.5  11.71
  77  73  78  71  69    64  78  80  67  68   76 Old Dominion     21-9    76  64  84  73  75    74  66  78  83  70    69  66  76  80 105   76 ODU         63 101  64  64 114    51     105  62                 78.43  73.0  13.68
  79  87  79  72  92    69  67  80  88  66   77 Murray St        24-6    96 102  84  78  86    76  62  93  92  76    65  53  59 117 108   77 Murray      83  78  51  94  85    35      79  28                 80.54  79.0  18.90
  76  82  72  82  70    91  79  65  82  80   78 Iowa St         16-14    65  72  67  94  82    81  92  73  70  84    93  90  90  58  66   78 Iowa St     52  85 114  85  83    99  77  94  74                 80.87  81.5  12.50
  81  72  91  84  87    85  68  86  65  73   79 Northwestern LA  25-7   102 100  90  72  70    67  54  74  84  65    60  55  62 121 122   79 NW La       80  98  37  84 103    79      78  29                 81.10  79.0  20.16
  80  69  80  89  82    80  84  70  80  97   80 Virginia        15-15    68  71  67  66  65    78  82  86  73  78    79  92  86  72  84   80 VA         107  89  95  74  90   120  51  57 126                 82.32  80.0  15.55

 BOB GRN SEL ROH SAG   WLK WOB KPK DOL COL      Rank, Team, Record      RTH DOK DWH REN JCI    SE WOL POM  MB BIH   RPI ECK  DC CNG MOR    Rank, Team   PKL PIG SAP LYN DUN    PH ACU SCR SIM  AP   USA TRX    Mean Median St.Dev

  88  80  82  86  72    74  80  86  70  71   81 Akron            23-9    85  70  88  81  80    61  70  80  76  79    70  76  78 108  86   81 Akron       62 100  61  79 101    78     126  42                 82.50  79.0  14.91
  74  74  70  83  94    99  69  58  71  74   82 Nebraska        19-13    67  92  55  65  69    70  79  92  57  72    96  86  81  86  78   82 NE         110  79 102 117  71   130  67  95 123                 83.44  78.5  18.49
  82  94  89  79  93    88  86  93  86  77   83 Texas-El Paso    21-9    95  90  96  97  98    97  88  83  94  89    76  77  75  96  83   83 UTEP        84  83  71  67  86    72  60  91  57                 85.34  86.0  10.53
  84  86  81  88  73    96  92  83  76  82   84 Stanford        16-13    81  73  87  84  94    86 104  85  80  61    86 109  85  73  61   84 Stanford   122  87  97  77  84   105  47  51 114                 85.36  84.5  15.91
  87  88  84  70 100    71  71  86  66  67   85 Montana          23-6    94  82  89  77  99    95  72  90 102  66    61  73  68 102 115   85 MT          91  77  41 100 108    68     145  23                 85.53  84.0  21.93
  92  84  88  66  79    82  91  98  78  79   86 Pacific          23-7   109  77  98  85  93    94  99  89 100  62    88  82  73  69  74   86 Pacific    104  64  68  61  68    49     159  27                 85.54  82.0  21.74
  91  81  96  93 104    75  88  93  85  84   87 Louisiana Tech  20-12    97  85  78  91  91    84  80  77  97  83    68  79  79 104  93   87 La Tech    120  86  70  93  88    91  64  62  68                 86.66  85.5  12.13
  89  77  85  95  78    93  87  76  87  98   88 DePaul          12-15    74  87  75  80  72    69  86  84  67  92    91  96 111  84  77   88 DePaul      87  62 124 116  52   163  58  56 143                 88.17  85.5  22.98
  85  90 101  77  71    78  83 105  95  81   89 Winthrop         23-7   110  79 111  86  90    85  71  91 117  90    73  67  74  88 118   89 Winthrop    98 103  59  78 123    19     123  72                 90.37  86.0  20.80
  83  95  87  85  81    98  96  90  89 101   90 Kansas St       15-13    75  83  90 116 101   104 109  70  86  99   110  97  96  52  64   90 Kans St     61  82 135  68  76    88  90 112  94                 90.89  90.0  16.75

 BOB GRN SEL ROH SAG   WLK WOB KPK DOL COL      Rank, Team, Record      RTH DOK DWH REN JCI    SE WOL POM  MB BIH   RPI ECK  DC CNG MOR    Rank, Team   PKL PIG SAP LYN DUN    PH ACU SCR SIM  AP   USA TRX    Mean Median St.Dev

  86  76  83  99 108    97  85  75 102 100   91 Penn St         15-15    71  99  72  75  67    88  85  97  69  95   106  89  92 101  94   91 Penn St     90  74 127 107  58   151  86  63 139                 92.12  89.5  20.16
 101  99 100  91  83    81 102 105 103  91   92 Butler          20-12   106  78 109  96 111    96 101  88 111 110    82  98 100  81  95   92 Butler      50  92  75  90 102    56     114  53                 95.11  96.0  16.23
  95  91  97 102  88   100 100  90 106 107   93 Providence      12-15    82  91  90  98  84    87 105  82  85 108   108 101 119  74  72   93 Prov        57  80 145 101  61   117  92  61 132                 95.13  93.5  18.68
 102  92  99  97  85    89  98 100  94  88   94 Charlotte       19-12   100  93  99  92  89    92  90  98  96  97   104 107 105 106  82   94 Charl      102 109  94  96  99   107  78  90  48                 95.36  96.5  10.98
  99 100  95  94 101   103  99  98  96  95   95 UNLV            17-13    90  98  99 106 110   109 108  95  99  96    92 112  93  75  90   95 UNLV       119  99 100 103  92    98  73  74  95                 97.94  98.0   9.74
  98  93  92  98  86    90  90  93  93  94   96 Miami OH        18-11   101  97  96  87  83    90  78 110  98  87    84  87  98 122 102   96 Mia OH      82 115  73 111 115   102     109 104                 98.34  94.0  11.21
 105  98 103 100 114    87 103 104  92  99   97 La Salle        18-10   103  94 104 100  92   107  94  99 105  93   103 105 108 112 100   97 La Salle    72 104  86  97  94    97  74 122 129                100.66 100.0  11.11
  94  89  93 101 102   102  95  83 110 106   98 Northwestern    14-15    88 108  79  82  74    79  91 117  77 104   102  95 109 105  92   98 NWestern   106 107 131  98  93   183  83  59 175                101.09  96.5  24.28
  96 102  90  87 106   101  93  92  99  86   99 Hawaii          17-11    91 107  93 101 106   102 100  96  95  91   100  99  91  93 123   99 HI         149 129  98 102 120   106  79  82 119                101.38  99.0  13.96
  90 101  86  90  96   121  89  80  83  96  100 USC             17-13    87  96  84  88 100   100 106 109  87  88   118 122 115  79  98  100 USC        125 119 129  81 109   127  63 111 169                101.97  97.0  20.13

 BOB GRN SEL ROH SAG   WLK WOB KPK DOL COL      Rank, Team, Record      RTH DOK DWH REN JCI    SE WOL POM  MB BIH   RPI ECK  DC CNG MOR    Rank, Team   PKL PIG SAP LYN DUN    PH ACU SCR SIM  AP   USA TRX    Mean Median St.Dev

  97  96  94 107  90   110  94  83  90 102  101 Georgia         15-15    84 103  79  95  81    80  95 112  78  94   109 116 113 100 111  101 GA          99 132 128 112 117   136  85  86 174                103.14  98.0  19.68
 110 105 106 103  98   112 121 108 111 129  102 Oregon          15-18    92  88 107 119 120   121 137  65 109 119   147 158 149  51  44  102 OR          92  34 165  82  38   104  81  88  86                103.62 106.5  31.64
 100 117 110  92  97    94 106 117 105  93  103 Penn             20-8   115 104 122 121 119   113 103 103 128 102    98  81  84  95 119  103 Penn       134 116  82  71 152    41     118  36                105.14 104.0  23.29
 107  97 112 110  89   104 117 108 114 123  104 Virginia Tech   14-16    83  81 106 115 105   111 124  79 104 117   146 137 147  64  65  104 Va Tech    103  81 161  62  64    93  76 117 146                105.62 106.5  25.31
 104 111 107  96 112    95 105 113  97  92  105 VA Commonwealth 19-10   113 109 116 107 104   106  93 115 116  98    81  75  97 114 134  105 VCU         76 130  76  92 134    77     121  99                105.93 105.0  15.78
 108 108 104 112  95   107 101 103 101 103  106 Ohio            19-11   114 105 105  99  97    93  89 122 107 101    99 102 114 118  97  106 OH          97  95  90 126 105    82     164 108                107.58 103.0  14.04
  93 106  98 109 105   114  97  93 115 105  107 Mississippi St  15-15    99 121  94 108  95    98 107 111  89 103   113 111 120 110  99  107 Miss St    124  93 142 129  69   132  95  84 183                108.43 105.5  19.61
 114 104 118 115 107    92 116 120  98 108  108 Northeastern    19-11   120 112 125 104 107   108  98 102 121 105    90  93 107 125 127  108 NEastern    85  97  78 106 124    95     101  77                108.47 107.0  13.24
 103 103 102 118  99   115 104  97 104 113  109 Texas Tech      15-17    93 101  95 105 103   105 112 101  91 109   136 126 123  85  73  109 TX Tech    123  88 154 118  74   137  89 102 168                108.53 103.5  20.04
 109 107 108 106 109   108 109 105 108 109  110 St Louis        16-13   108 106 103 103  96    99 102 118 103 106   101 115  94 120 113  110 St Louis   131 120 110 114 121   124  82  83 128                108.83 108.0  10.68

 BOB GRN SEL ROH SAG   WLK WOB KPK DOL COL      Rank, Team, Record      RTH DOK DWH REN JCI    SE WOL POM  MB BIH   RPI ECK  DC CNG MOR    Rank, Team   PKL PIG SAP LYN DUN    PH ACU SCR SIM  AP   USA TRX    Mean Median St.Dev

 112 112 113 105 117   116 110 108 112 110  111 St Mary's CA    17-12   111 118 109 110 118   117 117 105 113 112   122 118 110  99 103  111 St Mary's   129 102 133  95 104   113     113 106                114.19 112.0   7.73
 111 110 109 113 110   123 112 102 121 118  112 St John's       12-15    98 111 101 123 102   101 122 119  90 122   137 131 136  94  96  112 St John     69 126 164 115  95   160  80  73 178                114.47 111.5  23.37
 120 113 115 116 120   113 115 116 113 112  113 New Mexico St   16-14   122 124 115 120 117   114 113 114 112 113    97 104  89 134 138  113 N Mex St   163 106 112 121 113   129  88  55 111                114.60 114.0  16.70
 117 109 116 108 113    84 114 117 109 104  114 Marist          19-10   121 110 118 102 112   110  97 104 122 107   105 103 103 133 152  114 Marist      78 131  85     148    96     138  67                115.50 109.5  18.19
 115 116 114 104 122   105 108 111 100  89  115 Manhattan       19-10   126 123 112  90 108   103  96 144 118 100    87 100  83 148 169  115 Manhat      77 198  77 139 196   147      64 144                118.38 111.0  31.15
 113 121 111 111 116   132 113 113 107 111  116 New Mexico      17-13   112 115 112 129 122   122 126 126 114 111   120 125 125  97 101  116 NM         127 114 132 120  97   116  87 127 185                118.53 115.5  15.65
 121 114 124 126 103   127 130 119 136 145  117 Georgia Tech    11-17   104  95 117 122 113   116 139 106 108 135   160 159 162  91  79  117 Ga Tech     89  84 183  87  91   114  94 106 140                119.33 116.5  24.69
 118 131 126 114 125   109 111 131 127 115  118 Davidson        20-10   132 135 129 117 126   131 114 120 138 129    94  93  95 136 126  118 Davidson    96 121  79 119 132    84     151  65                119.48 121.0  18.90
 123 120 120 125 123   119 120 124 117 119  119 N Illinois      17-11   123 117 124 114 121   115 115 116 123 115   127 127 118 131 110  119 N Ill      111  94 117 128 106    89     143 112                120.50 119.0   9.77
 106 115 105 124 111   128 107 101 126 114  120 Auburn          12-16   105 120 101 113 109   112 119 129 101 116   116 123 144 103 125  120 Auburn     148 134 156 130 111   172 101  80 223                121.94 115.5  25.27

 BOB GRN SEL ROH SAG   WLK WOB KPK DOL COL      Rank, Team, Record      RTH DOK DWH REN JCI    SE WOL POM  MB BIH   RPI ECK  DC CNG MOR    Rank, Team   PKL PIG SAP LYN DUN    PH ACU SCR SIM  AP   USA TRX    Mean Median St.Dev

 124 122 122 119 119   122 125 126 116 120  121 Toledo          20-11   130 127 131 135 132   124 120 107 126 124   148 134 140 126  88  121 Toledo      93  76 122 113  82    81     204  81                122.09 122.0  23.51
 125 129 144 130 127   106 133 146 132 122  122 Holy Cross      20-12   143 129 149 130 134   136 118 127 147 130   111  88 116 137 124  122 H Cross    136 112  99 105 125    59     140  55                124.64 129.0  21.99
 131 130 130 121 121   111 132 142 119 128  123 Oral Roberts    21-11   138 113 142 144 146   140 123 128 144 123   131 114 122 123 109  123 O Rob      139  90 104 109 112    69     152  69                124.77 123.0  19.56
 129 118 127 127 118   117 136 131 134 138  124 Massachusetts   13-15   118 114 126 125 116   129 129 108 125 131   126 150 127 111 116  124 MA         138 157 148 132 135   115  98  99 122                126.14 126.5  12.89
 128 123 123 120 129   131 128 120 118 121  125 Fresno St       15-13   127 126 120 127 130   123 125 130 124 121   124 135 126 135 141  125 Fres St    173 137 134 125 145   139  93 103 191                129.78 126.5  16.63
 140 119 140 144 131   124 146 142 137 141  126 Fordham         16-16   134 136 141 132 123   128 128 125 132 136   134 145 139 139 114  126 Fordham    152 108 141 127 100   131  84  98 130                130.49 133.0  14.79
 127 124 125 117 130   129 129 128 125 126  127 San Diego       18-12   128 116 132 131 140   139 141 123 137 120   141 141 142 107 131  127 S Diego    100 125 123 110 143   119     178 163                131.99 128.0  14.75
 122 126 119 122 115   141 139 120 124 144  128 Washington St   11-17   107 122 120 150 138   141 154 100 119 134   166 201 171  71 106  128 Wash St    115 133 185 104 133   148  96 150 213                134.27 129.5  29.24
 126 127 132 123 141   133 123 126 120 116  129 Loyola-Chicago  19-11   139 141 126 112 128   125 127 141 130 126   138 128 143 151 149  129 LoyChi     121 146 120 144 138   161     194 150                136.57 130.0  15.56
 132 132 129 132 128   135 127 131 128 124  130 Buffalo         19-13   137 131 132 118 124   118 116 147 133 125   130 132 154 152 135  130 Buffalo    128 143 119 147 149   125     198 153                136.58 132.0  15.29

 BOB GRN SEL ROH SAG   WLK WOB KPK DOL COL      Rank, Team, Record      RTH DOK DWH REN JCI    SE WOL POM  MB BIH   RPI ECK  DC CNG MOR    Rank, Team   PKL PIG SAP LYN DUN    PH ACU SCR SIM  AP   USA TRX    Mean Median St.Dev

 116 125 117 128 133   151 119 111 122 131  131 Missouri        12-16   116 133 107 141 115   120 132 156 106 127   139 124 134 132 133  131 MO         151 166 175 142 158   198 100 108 285                137.22 131.5  33.55
 135 139 146 131 124   125 152 152 146 142  132 Drexel          15-16   140 119 154 140 145   147 138 113 159 147   129 133 158 115 139  132 Drexel     116 149 149 122 150   101     128  87                137.26 139.0  16.66
 136 134 137 129 158   130 122 131 131 130  133 N Arizona       21-11   146 157 132 124 142   154 121 151 141 118   117 108  99 155 177  133 N Ariz     156 158  96     170   166     107  93                139.43 133.0  21.61
 133 140 131 137 138   126 126 138 153 125  134 Samford         20-11   144 152 137 109 135   130 111 158 140 137   107 110 102 163 187  134 Samford    112 187  92     198   109     129 137                139.55 136.0  24.50
 147 136 145 139 136   118 147 144 141 135  135 Siena           15-13   145 134 145 139 139   135 131 131 143 141   125 138 131 149 158  135 Siena      114 128 126     144   112     136 105                139.69 137.0  11.50
 134 144 128 136 126   153 137 135 129 147  136 Colorado St     16-15   124 125 136 151 144   143 149 134 136 133   151 151 182 109 120  136 Col St     108 140 158 134 118   152 111 179 199                140.27 136.0  19.72
 119 128 121 140 134   143 124 115 135 127  137 Mississippi     14-16   119 145 112 134 114   119 130 149 110 128   156 149 148 138 147  137 MS         154 190 169 131 164   210 104 116 252                140.81 134.0  29.98
 149 162 159 134 154   120 158 167 139 134  138 Albany NY       21-10   165 153 175 153 174   177 146 137 178 138   119 113 106 153 153  138 Albany     146 117  93  91 165    83     147  47                141.31 147.0  30.24
 141 137 139 146 139   145 143 139 142 137  139 Rhode Island    14-14   135 138 138 142 131   138 142 150 134 139   152 155 138 147 140  139 RI         126 154 162 152 153   192  97 119 147                142.38 140.5  14.43
 144 154 143 143 149   137 134 140 150 132  140 Middle Tenn St  16-12   154 154 143 128 149   148 145 152 146 144   114 119 121 165 142  140 Mid Tenn   158 141 116 169 147   133     149 116                143.50 144.0  13.61

 BOB GRN SEL ROH SAG   WLK WOB KPK DOL COL      Rank, Team, Record      RTH DOK DWH REN JCI    SE WOL POM  MB BIH   RPI ECK  DC CNG MOR    Rank, Team   PKL PIG SAP LYN DUN    PH ACU SCR SIM  AP   USA TRX    Mean Median St.Dev

 145 149 141 142 137   168 144 140 143 149  141 Utah            14-15   136 142 140 166 151   150 157 133 139 145   162 176 153 116 112  141 UT         135 138 167 137 127   154 105 137 166                144.53 142.5  15.62
 130 146 147 133 155   144 118 137 123 117  142 Sam Houston St   22-9   157 156 139 111 125   126 110 171 142 114   112 106 112 195 196  142 Sam Hou    137 188  89     175   165     192 154                145.24 138.0  28.19
 146 133 142 172 135   158 150 120 154 174  143 Baylor           4-13   117 150 118 137 133   137 166 121 115 154   167 207 164 127 107  143 Baylor     140 111 240      80   248 106  41 145                145.43 140.0  39.61
 148 141 138 152 132   154 151 146 155 160  144 Dayton          14-17   133 139 143 159 141   145 152 140 135 157   183 172 185 124 117  144 Dayton     118 145 198 138 151   134 108 135 201                148.28 145.0  20.96
 142 142 152 138 145   152 138 144 145 133  145 IL Chicago      16-15   150 151 146 133 137   132 155 155 145 142   133 161 124 166 160  145 IL Chi     117 148 139 167 142   179     153 187                148.67 145.0  14.45
 143 138 134 150 143   174 145 128 130 151  146 Oregon St       13-18   131 140 126 145 136   134 150 139 127 140   174 187 179 140 136  146 Oreg St    144 152 181 156 137   236  91 141 227                149.91 142.0  27.75
 153 153 154 145 164   136 131 150 138 146  147 Ga Southern     20-10   151 164 151 126 147   151 135 159 156 143   159 129 155 170 156  147 Ga So      113 135 115     168   118     199 120                150.32 150.5  18.16
 137 150 133 149 146   173 148 135 151 152  148 Arizona St      11-17   125 137 132 164 154   155 175 132 131 152   180 186 184 113 121  148 Ariz St    145 139 208 141 107   205 102 133 204                150.32 147.0  26.65
 138 135 135 157 151   148 141 125 166 158  149 Purdue           9-19   129 158 122 143 127   133 151 145 120 161   175 165 172 146 129  149 Purdue     162 151 227 162 129   247 117  87 239                151.79 147.0  32.86
 139 143 136 141 147   163 135 128 140 139  150 Indiana St      13-16   141 147 129 136 129   127 144 165 129 132   163 164 166 159 161  150 Ind St     150 164 171 170 146   229 112 162 248                151.94 145.0  26.68

 BOB GRN SEL ROH SAG   WLK WOB KPK DOL COL      Rank, Team, Record      RTH DOK DWH REN JCI    SE WOL POM  MB BIH   RPI ECK  DC CNG MOR    Rank, Team   PKL PIG SAP LYN DUN    PH ACU SCR SIM  AP   USA TRX    Mean Median St.Dev

 151 148 148 147 156   138 149 148 147 136  151 St Peter's      17-15   152 149 149 138 143   144 134 160 149 146   128 148 128 167 166  151 StPeter    167 170 136     180   159     132 131                151.96 148.0  12.68
 158 145 156 163 153   146 163 154 162 172  152 Loy Marymount   12-18   148 143 155 156 156   157 171 135 151 175   149 168 152 144 137  152 L M'mnt    155 113 172 136 128   174      92 167                153.19 155.0  17.54
 160 147 170 162 170   139 140 173 156 148  153 Coastal Car     20-10   179 176 172 146 148   149 133 153 174 153   121 120 117 213 192  153 CoastCar   171 123 101     154   135     172  39                153.84 153.0  31.07
 154 152 161 151 140   134 154 167 133 161  154 TAM C. Christi   20-8   153 128 168 180 165   172 162 124 167 151   201 154 235 119 130  154 TAM CC     109 127 143 108 130    94     319  98                154.37 152.0  41.27
 172 183 185 148 182   147 182 194 167 154  155 Belmont         20-10   200 182 203 196 189   194 159 143 206 169   115 117 104 173 150  155 Belmont    133 124  91 124 139   103     163  51                157.31 163.0  37.04
 156 159 153 158 152   179 161 155 169 166  156 Wyoming         14-18   147 146 152 178 161   167 181 146 150 162   170 182 175 128 128  156 WY         200 122 192 159 110   168 103 130 182                157.50 159.0  22.05
 164 151 160 153 157   150 162 162 149 156  157 Long Beach St   18-12   163 165 162 163 160   160 170 138 162 148   153 169 150 154 145  157 L Bch St   194 118 144     119   122     241  85                158.13 156.5  24.91
 159 161 157 164 163   140 160 156 159 165  158 LA Lafayette    13-16   161 155 156 162 164   165 156 148 165 164   140 157 160 160 148  158 LA Laf     182 144 157     160   138     148 121                159.53 159.0  10.97
 150 156 150 166 142   167 157 150 170 168  159 Drake           12-19   142 130 148 161 153   153 179 157 152 156   176 183 197 129 151  159 Drake      141 184 206 143 161   184 113 115 232                159.70 156.0  24.21
 161 158 158 170 150   157 159 156 157 164  160 E Washington    15-15   156 144 156 165 171   173 161 154 163 170   142 139 151 156 175  160 E Wash     193 163 151     156   142     139 125                160.73 157.0  12.77

 BOB GRN SEL ROH SAG   WLK WOB KPK DOL COL      Rank, Team, Record      RTH DOK DWH REN JCI    SE WOL POM  MB BIH   RPI ECK  DC CNG MOR    Rank, Team   PKL PIG SAP LYN DUN    PH ACU SCR SIM  AP   USA TRX    Mean Median St.Dev

 157 157 149 160 148   162 156 153 161 163  161 Boise St        14-15   149 148 153 160 167   163 163 142 153 155   177 170 187 141 163  161 Boise St   222 178 180 140 166   177 118 144 200                161.44 160.0  18.66
 152 165 151 155 166   166 142 148 165 140  162 Tennessee Tech  19-12   158 186 146 148 150   146 136 196 148 149   135 130 130 219 201  162 TN Tech    143 202 125     190   171     168 190                163.19 151.5  23.73
 168 173 173 154 178   142 166 176 152 159  163 F Dickinson     20-12   180 166 176 170 176   178 153 182 181 158   145 140 135 180 186  163 FDU        161 196 118 149 183   121     160 118                163.52 166.0  20.12
 155 155 166 135 144   191 180 176 144 150  164 UC Irvine       16-13   170 132 179 149 158   158 189 136 176 168   168 211 145 130 154  164 Irvine     210 183 150 123 177   126     242 151                164.35 158.0  26.41
 179 176 174 177 172   155 176 170 171 143  165 Delaware St     21-13   187 184 172 167 163   142 143 184 169 160   123 147 137 226 221  165 DE St      159 220 107 135 242   146     142  75                166.25 169.0  33.38
 167 160 168 180 160   170 164 158 164 167  166 Detroit         16-16   160 160 156 152 155   152 164 170 155 174   178 171 180 175 143  166 Detroit    186 153 174 161 136   199     171 218                167.93 164.0  15.40
 162 171 155 165 165   161 155 165 148 155  167 IUPUI           18-10   167 168 165 155 166   159 140 192 170 150   158 146 157 187 173  167 IUPUI      197 194 130     211   167     187 149                168.38 165.0  17.39
 171 163 162 176 159   184 171 159 168 186  168 Santa Clara     13-16   159 169 164 173 169   166 187 167 157 171   184 190 186 145 144  168 S Clara    196 136 194 160 122   202     154 207                170.90 169.0  18.64
 185 179 190 156 177   164 194 190 158 170  169 Monmouth NJ     19-14   199 173 193 188 184   181 165 194 193 179   144 163 129 197 190  169 Monmouth   172 161 137 133 186   123     190 110                172.24 179.0  23.61
 170 164 163 173 161   190 178 162 177 185  170 San Francisco   11-17   155 159 162 171 175   175 196 161 160 173   185 192 167 143 146  170 SanFran    224 147 213 145 140   214     125 210                172.68 170.0  22.80

 BOB GRN SEL ROH SAG   WLK WOB KPK DOL COL      Rank, Team, Record      RTH DOK DWH REN JCI    SE WOL POM  MB BIH   RPI ECK  DC CNG MOR    Rank, Team   PKL PIG SAP LYN DUN    PH ACU SCR SIM  AP   USA TRX    Mean Median St.Dev

 169 170 164 171 185   181 165 159 175 173  171 WI Green Bay    15-16   164 171 160 158 170   169 184 183 164 183   186 180 170 182 168  171 WI GB      153 165 188 171 155   231     169 179                174.30 170.0  13.98
 163 182 184 174 186   159 168 181 173 157  172 Lehigh          19-12   189 194 183 172 185   185 160 202 185 177   150 121 146 191 185  172 Lehigh     211 156 138     187   141     167 136                174.39 175.5  20.64
 181 184 182 167 181   169 167 185 182 178  173 Col Charleston  17-11   177 178 181 187 188   186 176 173 179 193   188 152 169 179 165  173 Char'ton   132 175 168 153 173   153     239  96                174.91 178.0  21.91
 166 168 165 185 167   187 177 159 189 183  174 Evansville      10-19   162 162 159 168 162   162 188 193 158 185   191 199 214 171 164  174 E'ville    169 173 225 165 157   230 107 120 224                175.24 168.5  25.49
 176 172 167 169 179   171 175 173 176 179  175 Denver          16-15   171 163 174 184 177   176 167 169 175 178   173 181 183 172 174  175 Denver     168 180 159 168 201   149     201 172                175.39 174.0   9.74
 173 167 169 179 169   156 172 165 160 162  176 Loyola MD       15-13   168 161 166 147 152   156 148 185 166 163   171 184 192 200 227  176 Loy MD     130 216 152     215   190     220 192                176.91 168.5  22.82
 178 174 172 184 180   176 173 173 195 169  177 Austin Peay     17-14   175 185 171 175 173   168 158 191 171 188   155 156 173 224 181  177 A Peay     165 142 146     172   157     217 160                177.03 173.0  17.04
 165 166 175 168 173   149 153 180 163 153  178 Birmingham So    19-9   183 172 181 154 159   161 147 179 186 159   161 136 163 217 234  178 BirmSou    177 243 121     277   158     236 135                177.23 165.5  33.54
 186 196 194 161 183   165 195 199 172 175  179 Central Conn    18-11   192 170 199 197 198   197 186 172 210 187   165 153 141 177 184  179 C Conn     160 179 147     192   100     224  64                178.31 183.5  30.91
 184 203 198 159 206   175 196 216 184 177  180 Lipscomb        21-11   216 189 225 205 207   221 182 166 231 181   143 142 133 194 200  180 Lipscomb   142 150 105     159   111     219  73                180.53 184.0  37.86

 BOB GRN SEL ROH SAG   WLK WOB KPK DOL COL      Rank, Team, Record      RTH DOK DWH REN JCI    SE WOL POM  MB BIH   RPI ECK  DC CNG MOR    Rank, Team   PKL PIG SAP LYN DUN    PH ACU SCR SIM  AP   USA TRX    Mean Median St.Dev

 180 186 171 190 187   185 169 170 200 176  181 Jacksonville St 16-13   178 192 170 182 178   174 168 200 168 192   181 162 168 221 193  181 Jack St    185 168 170     169   170     181 138                181.40 178.0  14.57
 189 169 188 189 162   177 185 179 185 187  182 Wright St       13-15   173 180 178 157 172   170 180 181 173 186   179 191 181 185 178  182 Wright     157 160 182     181   182     173 219                181.55 180.0  11.70
 183 198 193 178 205   160 190 216 186 171  183 Southern Univ   20-12   229 214 218 203 195   208 173 175 225 176   132 144 132 228 232  183 Southern   209 174 106 157 200   128     156  91                182.34 186.0  35.81
 175 193 181 175 174   172 184 188 174 182  184 Valparaiso      17-12   186 175 189 193 193   190 177 188 194 182   182 174 195 168 198  184 Valp'o     164 191 155 146 193   162     295 157                184.08 182.0  23.78
 188 175 178 186 171   178 179 178 181 189  185 CS Sacramento   15-15   172 167 177 169 186   187 178 163 183 189   154 173 177 164 236  185 CS Sac     204 240 160     253   144     203 214                186.61 178.0  23.80
 187 205 179 183 219   199 192 181 209 191  186 UCF             14-15   182 209 186 231 222   222 204 176 187 210   190 179 176 183 162  186 UCF        216 162 204 163 163   186  99 146 193                188.17 187.0  25.30
 174 180 196 181 192   201 191 191 193 184  187 SE Louisiana    16-12   206 193 198 181 182   184 192 177 202 172   189 185 174 184 195  187 SE LA      188 169 166     176   156     216 186                188.38 185.5  12.32
 177 185 176 193 168   194 186 167 204 197  188 Illinois St      9-19   169 183 166 185 181   180 207 186 172 205   233 217 227 150 159  188 Ill St     190 193 265 166 167   238 119 134 283                188.91 185.0  33.10
 191 188 192 188 216   182 170 181 183 180  189 Chattanooga     19-13   197 201 180 186 179   182 169 211 177 191   169 143 159 258 212  189 UT Chat    183 213 163     206   200     205 142                189.69 184.5  22.43
 182 177 177 194 199   204 174 164 179 181  190 Richmond        13-17   166 222 160 176 157   171 185 227 154 180   205 195 194 206 202  190 Richmond   239 248 224 176 224   285 116 155 276                193.32 183.5  35.01

 BOB GRN SEL ROH SAG   WLK WOB KPK DOL COL      Rank, Team, Record      RTH DOK DWH REN JCI    SE WOL POM  MB BIH   RPI ECK  DC CNG MOR    Rank, Team   PKL PIG SAP LYN DUN    PH ACU SCR SIM  AP   USA TRX    Mean Median St.Dev

 192 178 180 208 193   207 181 170 180 188  191 W Michigan      14-17   176 190 168 174 168   164 183 234 161 184   195 200 188 222 191  191 W Mich     184 232 207 182 203   274     158 243                193.41 188.0  25.34
 200 189 195 207 207   189 183 188 188 192  192 Elon            15-14   195 204 188 179 180   179 174 213 180 195   172 160 161 234 220  192 Elon       192 212 179     230   222     157 162                193.55 189.0  19.82
 203 192 199 191 176   195 205 194 190 200  193 CS Fullerton    16-13   196 174 194 189 196   196 211 164 197 203   234 234 236 157 157  193 CS Full    202 155 189 158 141   176     314 159                194.01 194.0  31.46
 197 190 187 187 175   200 199 181 178 198  194 Santa Barbara   15-14   188 177 183 191 191   191 209 180 184 167   219 230 222 158 180  194 S B'bara   245 177 191     174   196     296 170                196.15 189.0  26.14
 210 181 204 213 191   186 216 194 199 211  195 Niagara         11-18   181 181 194 190 187   188 193 190 191 204   202 219 201 181 206  195 Niagara    147 211 226     220   193     170 197                198.15 194.0  16.07
 217 194 200 209 188   192 211 201 202 222  196 Portland St     12-16   194 179 205 216 209   210 208 168 201 212   196 213 224 169 182  196 Port St    214 167 205     162   143     221 195                199.67 201.5  19.47
 199 197 202 204 184   211 221 191 235 225  197 South Florida    7-22   174 188 190 229 211   214 242 174 189 238   236 249 267 142 132  197 S Fla      174 159 274 154 126   250 121 131 269                200.01 200.5  42.18
 193 201 203 200 196   227 197 206 205 195  198 Lamar           17-14   212 197 200 183 197   201 198 207 212 198   192 193 193 205 216  198 Lamar      227 197 176     205   150     225 158                200.79 199.0  16.25
 194 200 183 201 195   196 188 185 196 196  199 North Texas     14-14   185 191 186 195 192   192 191 215 188 197   200 188 215 199 215  199 N Texas    195 230 209     244   201     211 234                202.02 196.0  14.70
 202 191 216 210 189   183 193 213 197 194  200 High Point      16-13   218 206 212 177 183   183 172 212 218 199   164 167 191 238 248  200 H Point    232 201 153     232   175     254 194                202.35 198.0  24.11

 BOB GRN SEL ROH SAG   WLK WOB KPK DOL COL      Rank, Team, Record      RTH DOK DWH REN JCI    SE WOL POM  MB BIH   RPI ECK  DC CNG MOR    Rank, Team   PKL PIG SAP LYN DUN    PH ACU SCR SIM  AP   USA TRX    Mean Median St.Dev

 196 195 189 182 190   180 187 191 187 201  201 N Dakota St     16-12   184 187 190 218 200   198 190 162 192 201   223 175 242 161 167  201 N Dak St   175     184     199           309 107                202.56 190.0  31.58
 211 199 209 219 197   197 210 204 233 214  202 Tennessee St    13-15   201 205 200 199 199   193 194 198 196 221   208 189 210 220 211  202 Tenn St    208 176 196     207   188     193 148                203.42 200.5  14.89
 215 222 223 196 215   188 225 230 194 199  203 Binghamton      16-13   223 216 231 212 232   233 203 206 235 200   187 177 165 204 183  203 Bing'ton   205 192 173     213   140     209 152                204.73 205.5  23.66
 213 204 201 195 200   193 207 204 208 220  204 Troy            14-15   198 212 205 214 214   212 210 178 203 217   242 225 233 174 176  204 Troy       180 182 235     179   169     223 205                205.76 205.0  18.39
 205 187 205 206 198   239 215 194 191 210  205 Portland        11-18   191 202 196 198 190   189 224 187 182 190   238 254 228 189 170  205 Portland   266 171 239 178 131   265     195 268                206.31 198.0  30.42
 195 224 197 199 208   233 202 201 212 207  206 Rice            12-16   203 219 200 215 221   219 221 222 199 213   218 215 206 188 172  206 Rice       250 214 241 164 189   233 110 166 249                206.51 210.0  26.41
 190 208 186 198 211   209 189 187 201 190  207 Ark Little Rock 14-15   190 203 185 200 204   200 199 208 190 202   216 206 208 202 199  207 Ark LR     235 228 216     227   227     215 230                206.57 202.5  13.79
 207 206 212 203 212   203 206 212 211 213  208 SF Austin       17-12   222 210 222 221 212   216 201 189 223 209   241 210 229 196 213  208 SF Aust    176 181 193     194   145     265 133                207.40 210.0  24.09
 209 227 215 216 231   215 219 213 221 217  209 Tulsa           11-17   215 225 215 230 234   232 230 205 215 220   203 197 200 208 171  209 Tulsa      213 204 236 173 171   240 114 165 189                208.33 215.0  25.42
 198 209 208 212 222   217 214 206 213 205  210 Tulane          13-17   211 217 210 208 208   213 226 201 211 211   217 247 223 214 189  210 Tulane     255 185 210 179 182   281 109 183 250                209.97 211.0  27.43

 BOB GRN SEL ROH SAG   WLK WOB KPK DOL COL      Rank, Team, Record      RTH DOK DWH REN JCI    SE WOL POM  MB BIH   RPI ECK  DC CNG MOR    Rank, Team   PKL PIG SAP LYN DUN    PH ACU SCR SIM  AP   USA TRX    Mean Median St.Dev

 204 220 211 197 232   230 209 203 206 208  211 Marshall        12-16   214 226 203 232 220   218 220 225 200 216   231 222 221 207 197  211 Marshall   225 203 232 151 195   216 115 202 241                210.18 215.0  23.43
 214 210 224 223 204   218 213 216 226 227  212 TX Arlington    14-16   225 195 224 201 206   207 206 195 224 222   198 205 217 198 224  212 TX Arl     262 215 218     208   181     218 171                213.73 214.5  16.07
 201 231 214 211 201   222 222 222 227 221  213 SMU             13-16   205 221 219 236 241   240 246 197 221 230   268 244 264 162 155  213 SMU        229 200 251 150 178   189 120 238 202                213.86 221.0  32.37
 219 213 206 202 202   208 204 206 203 215  214 Idaho St        13-14   202 196 207 228 226   223 214 199 207 214   210 208 203 190 241  214 Idaho St   218 234 214     214   235     249 217                214.68 211.5  13.28
 206 202 191 205 209   231 198 194 198 202  215 Montana St      15-15   193 199 190 210 217   209 216 214 195 196   240 223 196 203 247  215 Mont St    273 281 228 175 262   224     227 235                215.18 209.0  24.46
 222 214 219 235 214   206 212 209 240 219  216 TN Martin       13-15   213 227 207 207 210   203 205 218 204 229   224 198 230 254 225  216 TN Mart    220 172 220     188   206     229 177                215.56 214.0  16.71
 220 239 228 192 256   216 223 234 192 193  217 Gardner Webb    17-12   261 242 239 213 224   231 195 259 241 194   157 166 156 278 260  217 G Webb     170 238 140 174 254   204     260 155                215.56 223.0  37.08
 212 211 227 220 213   198 203 224 210 204  218 Radford         16-13   232 236 226 204 201   202 197 220 226 206   193 178 198 244 266  218 Radford    207 252 177     251   185     258 188                215.93 210.5  22.70
 216 215 217 226 224   225 208 216 217 218  219 McNeese St      14-14   236 215 216 202 205   205 200 240 219 208   204 214 218 240 256  219 McNeese    248 219 187     235   218     213 220                219.92 217.0  14.38
 229 235 241 228 221   202 251 254 225 229  220 Boston Univ     12-16   234 218 256 241 248   249 237 210 256 236   209 226 213 201 210  220 Boston U   179 195 212 148 218   180     231 176                221.40 226.0  25.43

 BOB GRN SEL ROH SAG   WLK WOB KPK DOL COL      Rank, Team, Record      RTH DOK DWH REN JCI    SE WOL POM  MB BIH   RPI ECK  DC CNG MOR    Rank, Team   PKL PIG SAP LYN DUN    PH ACU SCR SIM  AP   USA TRX    Mean Median St.Dev

 228 207 225 237 210   214 234 216 224 228  221 Fairfield        9-19   209 198 212 206 194   199 218 223 208 225   228 257 237 231 229  221 F'field    178 237 248     225   256     174 238                221.53 224.5  19.39
 223 218 213 234 218   219 218 209 232 226  222 Arkansas St     12-18   208 208 209 209 218   215 222 219 209 226   229 218 219 210 218  222 Ark St     217 242 245     243   221     180 261                221.56 218.0  14.37
 227 221 222 221 242   210 217 224 229 224  223 Appalachian St  14-16   219 234 221 223 216   220 217 217 217 235   235 216 226 245 205  223 App St     234 199 222     184   220     244 181                221.88 221.0  14.34
 208 219 207 218 225   232 200 199 241 203  224 E Kentucky      14-16   228 233 196 194 203   195 213 265 198 219   194 194 190 267 263  224 E Kent     233 276 201     268   252     184 257                222.13 215.5  27.21
 235 216 226 239 194   237 229 226 237 251  225 Ball St         10-18   207 200 222 211 219   206 229 216 214 240   254 267 268 193 179  225 Ball St    166 206 262 181 202   207     212 281                222.37 219.0  26.78
 226 225 221 214 227   205 201 223 218 216  226 Furman          15-13   217 211 219 217 213   217 212 229 222 224   220 196 211 227 223  226 Furman     215 269 200     263   234     253 231                222.84 219.5  15.83
 231 243 242 222 217   212 249 254 220 233  227 Vermont         13-17   243 220 256 237 250   251 235 224 259 227   211 232 207 192 208  227 VT         198 205 215 155 240   173     247 161                223.51 227.0  26.16
 225 212 218 230 203   254 236 221 219 239  228 Pepperdine       7-20   204 223 216 222 215   211 247 203 205 231   248 268 231 176 194  228 P'dine     244 209 281 180 197   269     175 274                223.75 221.0  26.98
 218 217 220 215 226   213 220 209 207 209  229 Towson          12-16   226 243 211 192 202   204 202 254 213 207   221 227 205 256 258  229 Towson     212 264 217     258   262     186 270                224.21 217.0  22.57
 224 228 236 229 241   241 226 231 216 212  230 Princeton       12-15   246 251 232 220 225   224 228 246 237 215   199 237 178 248 204  230 Pr'ton     315 186 197     217   223     196 184                225.63 225.5  25.29

 BOB GRN SEL ROH SAG   WLK WOB KPK DOL COL      Rank, Team, Record      RTH DOK DWH REN JCI    SE WOL POM  MB BIH   RPI ECK  DC CNG MOR    Rank, Team   PKL PIG SAP LYN DUN    PH ACU SCR SIM  AP   USA TRX    Mean Median St.Dev

 221 237 230 217 234   220 224 226 215 206  231 Yale            15-14   235 244 245 234 228   229 215 247 238 218   197 202 202 239 250  231 Yale       223 250 178     280   226     262 228                228.92 228.0  19.82
 237 226 232 243 229   229 240 233 230 245  232 Chicago St      11-19   241 230 230 226 230   225 223 235 230 232   227 241 240 249 209  232 Chi St     270 189 234     191   244     235 173                230.32 231.0  18.08
 230 230 210 242 230   223 227 213 244 242  233 New Orleans     10-19   210 238 212 219 231   228 219 237 216 241   252 243 246 229 203  233 N Orl      287 224 267     209   264     177 263                232.13 230.0  21.52
 253 223 243 240 220   228 256 237 249 254  234 Canisius         9-20   221 228 237 245 229   230 241 209 227 251   255 276 250 225 231  234 Canisius   189 210 263     222   232     189 211                234.16 231.5  19.70
 232 248 248 236 238   221 239 250 242 231  235 Cornell         13-15   249 248 253 243 251   248 239 253 251 242   207 209 212 223 233  235 Cornell    272 218 202     249   191     226 209                235.32 239.0  18.36
 236 250 249 253 243   226 237 246 243 234  236 American Univ   12-17   253 265 249 239 243   245 232 243 249 239   206 203 220 266 239  236 American   256 223 211     239   217     200 180                235.95 239.0  19.49
 238 232 238 241 228   235 245 237 247 249  237 Delaware         9-21   238 224 238 240 235   238 245 231 244 252   237 252 272 218 217  237 DE         203 226 256     219   239     191 242                236.36 238.0  15.31
 242 246 253 227 249   224 243 254 214 232  238 Robert Morris   15-14   256 247 254 252 244   246 227 257 253 237   213 220 209 260 269  238 R Morris   191 241 190     257   197     255 196                236.63 243.5  22.02
 233 257 240 231 237   250 238 242 228 223  239 Harvard         13-14   244 241 248 251 247   244 233 255 250 234   214 221 216 235 280  239 Harvard    221 314 203 172 305   203     268 253                240.15 240.0  26.96
 247 262 256 225 265   243 254 264 236 230  240 FL Atlantic     15-13   268 259 268 264 260   264 248 250 270 233   212 204 189 265 238  240 FL Atl     228 253 186     250   212     246 141                240.66 249.0  29.18

 BOB GRN SEL ROH SAG   WLK WOB KPK DOL COL      Rank, Team, Record      RTH DOK DWH REN JCI    SE WOL POM  MB BIH   RPI ECK  DC CNG MOR    Rank, Team   PKL PIG SAP LYN DUN    PH ACU SCR SIM  AP   USA TRX    Mean Median St.Dev

 234 252 231 266 259   268 235 226 263 247  241 Southern Miss   10-21   230 278 228 247 254   254 257 232 229 257   246 224 243 263 222  241 So Miss    295 236 283 187 221   294 122 161 255                240.77 246.5  34.04
 245 236 237 254 240   236 231 237 245 253  242 W Carolina      13-17   237 252 233 235 233   237 234 226 236 256   265 235 259 259 230  242 W Carol    237 229 255     229   254     243 226                241.40 237.0  10.85
 239 234 229 246 250   251 232 226 253 240  243 Cleveland St    10-18   220 237 226 244 236   235 252 236 220 246   245 251 247 261 249  243 ClevSt     219 267 261     228   291     197 287                242.64 242.0  18.89
 241 266 259 224 258   238 260 270 254 235  244 E Tennessee St  15-13   263 258 272 281 266   276 250 245 279 244   225 212 199 211 207  244 ETSU       187 251 195     274   178     285 212                243.27 250.5  29.75
 249 233 235 247 223   249 253 236 248 252  245 Rider            8-20   227 213 235 224 227   227 238 233 234 248   243 274 251 233 271  245 Rider      201 299 266     290   242     207 277                243.49 240.0  22.16
 256 241 247 262 235   260 270 246 271 284  246 San Jose St      6-25   224 207 241 263 261   257 286 204 245 260   269 297 297 178 214  246 SJ St      282 217 290 184 204   259 124 176 284                243.57 256.5  39.65
 248 229 262 259 252   247 228 259 252 246  247 Charleston So   13-16   267 271 262 227 223   226 236 241 262 250   226 231 238 280 267  247 Chas Sou   283 208 223     212   228     250 208                243.99 246.5  20.24
 240 240 233 245 253   248 230 232 223 236  248 Missouri KC     14-14   248 262 229 238 238   234 225 266 233 223   264 229 239 281 246  248 UMKC       265 239 237     237   273     266 267                244.50 239.0  15.74
 250 255 252 238 254   242 246 250 238 244  249 Mt St Mary's    13-17   252 250 251 253 252   253 243 269 248 247   230 233 204 237 272  249 MtStMary   240 272 230     269   215     228 236                245.57 247.5  14.95
 259 238 239 252 239   258 241 237 239 263  250 Weber St        10-17   231 229 235 258 249   247 249 252 232 243   263 246 255 230 244  250 Weber St   249 249 275     231   267     234 264                246.91 246.5  12.18

 BOB GRN SEL ROH SAG   WLK WOB KPK DOL COL      Rank, Team, Record      RTH DOK DWH REN JCI    SE WOL POM  MB BIH   RPI ECK  DC CNG MOR    Rank, Team   PKL PIG SAP LYN DUN    PH ACU SCR SIM  AP   USA TRX    Mean Median St.Dev

 243 249 246 249 236   259 242 248 261 258  251 TX San Antonio  11-17   251 235 249 250 256   258 260 230 255 253   257 240 249 212 257  251 UTSA       253 257 269     259   194     237 246                247.51 249.5  14.71
 246 242 250 265 246   246 259 242 266 261  252 Georgia St       7-22   242 246 241 225 237   239 255 238 252 263   244 275 290 209 228  252 GA St      260 221 270     226   268     188 290                247.92 246.0  21.43
 254 261 263 233 233   253 255 262 231 241  253 Wagner          13-14   257 239 264 261 255   256 240 262 263 245   232 239 232 246 286  253 Wagner     199 259 219     252   195     310 247                248.31 252.5  21.82
 262 254 260 274 270   240 258 254 268 237  254 S Carolina St   14-16   271 277 254 233 246   242 231 260 254 249   222 242 234 294 268  254 SC St      206 255 199     267   237     263 165                248.40 254.0  25.16
 244 245 234 232 247   234 233 241 222 238  255 Utah Val St     16-13   245 232 241 249 257   250 244 239 240 228   279 228 275 232 235  255 UT Val     238     242     223           326 216                248.55 239.5  20.60
 252 259 251 277 248   295 267 250 278 277  256 TCU              6-25   239 253 246 262 265   265 295 242 246 270   287 298 292 186 188  256 TCU        279 222 302 186 185   277 123 185 286                250.51 260.5  41.29
 258 244 245 268 244   263 244 234 246 274  257 Bowling Green    9-21   240 231 233 257 239   236 253 258 228 261   256 265 274 255 253  257 B Green    242 286 277 188 286   272     208 294                251.46 253.0  22.01
 251 253 244 257 251   266 263 242 258 265  258 St Bonaventure   8-19   233 245 239 242 245   252 271 249 243 258   290 292 296 215 226  258 St Bon     259 258 292     241   279 125 232 280                251.75 252.0  30.00
 268 264 272 250 264   245 273 275 250 262  259 Hartford        13-15   264 254 280 280 270   272 259 248 276 255   270 258 252 243 255  259 Hartford   230 227 250     245   209     271 225                256.49 258.5  17.03
 255 256 264 279 245   255 269 261 264 267  260 William & Mary   8-20   247 255 256 246 258   260 264 228 268 268   266 270 299 216 252  260 Wm&Mary    226 270 278     248   257     233 278                257.76 259.0  16.77

 BOB GRN SEL ROH SAG   WLK WOB KPK DOL COL      Rank, Team, Record      RTH DOK DWH REN JCI    SE WOL POM  MB BIH   RPI ECK  DC CNG MOR    Rank, Team   PKL PIG SAP LYN DUN    PH ACU SCR SIM  AP   USA TRX    Mean Median St.Dev

 281 247 258 275 257   284 266 248 256 286  261 Cal Poly SLO    10-19   254 249 246 259 262   259 281 244 242 297   278 288 263 236 240  261 CP SLO     280 207 285     210   249     256 222                257.96 257.5  21.97
 272 258 265 270 262   244 247 269 274 290  262 Wofford         11-18   250 266 264 271 264   266 275 221 258 294   288 253 286 247 219  262 Wofford    236 233 289     236   251     251 237                259.19 263.0  19.57
 270 274 270 244 267   262 277 275 255 264  263 Quinnipiac      12-16   266 257 276 273 273   275 265 264 271 266   260 256 244 241 282  263 Qu'piac    263 263 254     275   211     292 203                261.69 265.5  18.18
 269 271 282 260 277   256 279 278 251 259  264 New Hampshire   12-17   275 273 283 276 271   277 261 278 275 254   250 238 245 279 265  264 NH         243 235 244     255   253     261 221                261.83 263.0  15.78
 265 251 254 261 255   286 257 242 234 266  265 CS Northridge   11-17   259 240 244 254 242   243 276 263 239 282   283 290 281 251 245  265 CS NR      271 261 273     234   290     315 289                261.92 260.0  19.77
 276 273 275 264 278   257 281 280 295 257  266 Hampton         16-16   278 287 281 274 281   284 266 261 284 284   284 279 258 273 276  266 Hampton    241 246 252 177 271   164     287 164                262.63 275.0  32.97
 260 276 266 255 273   252 275 270 290 243  267 Coppin St       12-18   283 274 276 279 272   271 256 282 285 269   215 248 225 284 291  267 Coppin     231 301 221     309   261     222 240                263.73 270.5  23.78
 264 263 257 269 272   269 250 262 269 269  268 UNC Greensboro  12-19   258 268 261 255 253   255 251 267 257 280   280 260 279 274 264  268 NC Green   258 260 276     260   266     273 295                264.84 264.0   9.89
 257 268 269 285 280   285 248 254 275 271  269 LA Monroe       10-18   273 275 260 256 259   261 267 284 264 267   259 236 262 282 296  269 LA Mon     247 279 280     276   289     206 258                265.91 267.5  17.40
 273 278 280 248 269   270 280 280 257 273  270 Sacred Ht       12-17   270 260 281 284 278   280 270 273 277 276   262 261 248 252 290  270 Sac Ht     181 288 257     298   208     269 260                265.97 271.5  22.60

 BOB GRN SEL ROH SAG   WLK WOB KPK DOL COL      Rank, Team, Record      RTH DOK DWH REN JCI    SE WOL POM  MB BIH   RPI ECK  DC CNG MOR    Rank, Team   PKL PIG SAP LYN DUN    PH ACU SCR SIM  AP   USA TRX    Mean Median St.Dev

 267 265 255 282 271   280 261 253 273 276  271 Florida Intl     8-20   255 264 251 267 263   262 277 279 247 275   277 273 285 268 259  271 FL Intl    261 274 291     256   297     214 279                266.74 267.5  15.26
 261 291 283 251 275   265 274 298 283 255  272 Alabama A&M     13-13   300 289 297 292 294   296 285 276 302 265   258 281 256 270 287  272 AL A&M     302 275 229 185 291   187     257 206                269.42 276.0  30.43
 263 282 274 256 281   261 271 289 272 260  273 Jackson St      15-17   292 276 292 286 284   288 274 272 295 259   247 255 254 283 301  273 Jackson    284 278 231     297   219     282 198                269.75 275.0  22.85
 278 269 261 284 260   273 268 267 265 285  274 Oakland         11-18   260 256 262 260 268   263 268 277 265 273   285 278 284 269 262  274 Oakland    276 265 282     281   263     297 275                270.42 268.5   9.75
 280 279 281 258 266   271 283 278 259 275  275 St Francis NY   10-17   274 267 279 287 274   278 273 274 272 277   271 280 261 262 279  275 StFranNY   274 266 272     279   225     272 259                270.59 274.0  11.25
 274 281 268 267 289   267 272 264 291 248  276 Florida A&M     14-17   281 282 268 265 269   269 254 288 278 274   253 259 266 305 299  276 Fla A&M    252 287 238     295   282     280 266                272.01 270.5  15.24
 266 260 285 298 276   276 252 275 277 270  277 UNC Asheville    9-19   289 285 270 248 240   241 263 285 274 272   239 264 271 308 306  277 NC Ashe    301 285 253     302   296     245 265                272.19 273.0  19.65
 293 277 287 273 279   277 286 285 260 282  278 Long Island     12-16   284 269 286 285 276   281 272 287 283 279   274 269 257 287 288  278 LIU        264 247 259     261   241     275 215                272.22 277.0  16.33
 285 290 292 263 292   279 295 298 285 279  279 Stetson         14-18   299 280 302 298 297   300 291 271 298 287   267 250 260 289 251  279 Stetson    251 231 249     216   255     286 156                272.34 285.0  30.56
 292 270 284 293 261   275 289 282 281 297  280 S Utah          10-20   269 270 272 277 286   279 283 251 273 292   303 296 282 253 243  280 S Utah     288 225 297     233   258     291 229                273.33 280.0  20.61

 BOB GRN SEL ROH SAG   WLK WOB KPK DOL COL      Rank, Team, Record      RTH DOK DWH REN JCI    SE WOL POM  MB BIH   RPI ECK  DC CNG MOR    Rank, Team   PKL PIG SAP LYN DUN    PH ACU SCR SIM  AP   USA TRX    Mean Median St.Dev

 279 275 273 286 283   264 264 264 262 288  281 IUPU Ft Wayne   10-18   280 272 267 272 279   273 287 280 266 278   291 262 295 276 261  281 IUPU FW    268 256 284     246   311     322 272                275.15 274.0  15.15
 283 292 271 281 285   293 276 274 293 294  282 East Carolina    8-20   272 284 272 302 298   293 296 275 267 300   300 299 301 250 242  282 ECU        275 282 304 183 284   288 128 240 317                275.64 284.0  35.70
 277 280 276 271 286   274 278 270 279 250  283 Bethune-Cookman 15-15   286 294 272 275 275   267 258 286 280 262   275 271 270 307 303  283 B Cook     254 291 233     312   275     308 262                275.84 275.0  16.88
 282 284 279 272 290   272 288 282 297 256  284 Norfolk St      13-18   290 295 284 269 282   283 269 291 287 286   251 266 253 290 295  284 Norfolk    257 297 243     303   246     259 271                276.14 282.0  16.27
 271 283 278 290 282   278 262 270 270 268  285 Lafayette       11-17   277 286 270 270 267   270 262 297 282 271   261 245 277 291 307  285 Lafay'te   285 308 260     316   292     248 296                276.81 277.0  16.37
 286 272 277 291 268   290 285 267 289 296  286 E Michigan       7-21   262 263 264 278 277   268 292 268 261 295   306 313 310 257 237  286 E Mich     267 245 301     238   286     294 291                276.91 277.5  19.48
 294 267 288 287 263   283 292 282 292 299  287 Youngstown St    7-21   265 261 276 290 280   274 293 256 269 299   304 305 302 242 270  287 Young St   246 273 303     266   271     252 310                278.73 281.0  18.24
 295 289 297 289 293   292 290 289 287 287  288 Brown           10-17   287 291 290 293 288   286 284 289 289 293   273 283 269 286 275  288 Brown      292 244 268     247   270     267 282                281.71 287.5  12.78
 291 286 294 288 274   281 299 293 282 292  289 MD Baltimore Co 10-19   282 279 295 283 292   291 290 270 296 291   296 295 291 264 274  289 UMBC       277 254 295     278   245     298 256                282.24 289.0  13.62
 275 285 267 294 284   294 265 259 276 278  290 S Dakota St      9-20   279 281 256 266 285   282 279 299 260 281   276 277 289 297 283  290 S Dak St   297 293 286     304           305 304                282.72 282.0  13.38

 BOB GRN SEL ROH SAG   WLK WOB KPK DOL COL      Rank, Team, Record      RTH DOK DWH REN JCI    SE WOL POM  MB BIH   RPI ECK  DC CNG MOR    Rank, Team   PKL PIG SAP LYN DUN    PH ACU SCR SIM  AP   USA TRX    Mean Median St.Dev

 298 287 299 296 291   282 293 297 267 289  291 Maine           12-16   291 283 301 289 289   290 278 296 293 283   281 272 276 302 292  291 ME         269 271 264     289   280     293 300                285.51 289.0  10.45
 297 295 289 301 297   298 302 289 303 304  292 Idaho            4-25   276 292 287 304 304   303 308 281 290 305   301 302 311 271 281  292 ID         324 277 312     273   312 126 182 316                287.22 298.0  37.54
 301 288 296 299 294   302 294 285 284 300  293 UC Davis         8-20   285 288 285 299 290   289 300 283 281 165   295 300 283 272 284  293 UC Davis   311 283 300     270           313 298                287.56 290.0  24.84
 289 299 286 278 300   291 282 295 288 272  294 Grambling       14-13   307 302 296 268 291   294 280 311 300 264   282 286 273 311 317  294 Gramb      310 311 247     320   276     277 251                287.71 290.0  18.00
 290 294 290 280 287   296 284 285 280 283  295 Columbia        11-16   288 293 288 288 287   285 282 301 286 289   289 285 280 285 294  295 Columbia   304 294 279     296   283     303 315                288.02 288.0   8.03
 287 296 291 276 299   288 291 298 296 280  296 Alabama St      12-18   303 301 298 291 296   299 289 295 301 288   272 284 265 300 311  296 AL St      307 303 258     315   260     281 244                288.04 293.0  15.94
 284 298 295 292 288   289 296 298 299 291  297 Colgate         10-19   294 299 300 297 299   298 294 294 299 298   286 263 288 275 277  297 Colgate    296 268 287     285   278     264 303                288.29 294.0  10.73
 302 301 300 295 296   287 300 307 298 295  298 Ark Pine Bluff  13-16   311 298 309 300 301   305 297 293 309 296   292 291 287 298 298  298 Ark PB     291 262 271     288   213     304 233                289.93 297.5  20.69
 288 293 293 300 303   300 287 285 294 293  299 Nicholls St      9-18   296 297 289 282 283   287 288 310 288 290   294 287 300 314 313  299 Nich St    278 302 293     294   307     276 307                292.48 293.0   9.58
 304 305 306 297 301   301 308 309 301 302  300 Campbell        10-18   306 290 310 311 307   308 303 292 310 301   293 293 278 288 289  300 Campbell   281 280 288     287   243     301 245                293.25 301.0  16.32

 BOB GRN SEL ROH SAG   WLK WOB KPK DOL COL      Rank, Team, Record      RTH DOK DWH REN JCI    SE WOL POM  MB BIH   RPI ECK  DC CNG MOR    Rank, Team   PKL PIG SAP LYN DUN    PH ACU SCR SIM  AP   USA TRX    Mean Median St.Dev

 296 303 304 283 306   305 298 304 286 281  301 Kennesaw        12-17   308 296 306 294 295   297 299 305 305 285   249 282 241 309 318  301 Kennesaw   299 325 246     329           270 308                294.01 299.0  20.56
 303 310 303 303 309   308 315 306 314 308  302 Duquesne         3-24   301 305 305 316 314   314 319 308 307 312   308 317 318 277 254  302 Duquesne   317 296 315     272   309 127 210 319                296.24 308.0  37.51
 299 297 298 304 302   304 301 292 302 301  303 James Madison    5-23   293 303 292 296 293   292 301 302 297 303   299 301 326 303 310  303 J Mad      294 307 306     307   313     230 309                297.44 301.0  14.46
 300 304 302 302 295   297 297 303 304 298  304 Navy            10-18   298 307 303 295 303   302 298 300 304 304   298 289 308 299 304  304 Navy       300 309 296     313   295     290 293                298.42 300.0   5.31
 306 300 305 311 308   307 303 293 309 306  305 E Illinois       6-21   295 309 291 301 300   295 302 303 291 308   309 310 304 312 293  305 E Ill      298 300 305     292   303     274 299                299.40 303.0   7.94
 312 302 309 309 310   323 309 302 300 310  306 UC Riverside     5-23   302 311 298 305 302   301 314 290 294 166   312 326 303 301 302  306 CA Rside   326 304 313     299   316     311 301                300.64 304.5  26.29
 313 309 314 308 304   306 318 315 312 311  307 Dartmouth        6-21   310 306 313 307 313   310 311 304 312 315   311 315 306 293 285  307 Dartm'th   312 284 309     265   287     289 273                302.35 309.5  13.04
 307 308 301 306 298   310 305 296 315 309  308 SE Missouri St   7-20   297 310 294 313 306   304 304 312 292 309   313 307 316 306 300  308 SE MO      308 306 310     306   300     288 320                303.42 306.0   7.17
 310 307 310 316 305   315 313 305 311 314  309 C Michigan       4-24   304 304 304 306 308   307 313 306 303 313   315 321 334 295 278  309 C Mich     303 290 321     282   318     278 324                305.14 307.5  12.36
 305 306 307 305 311   299 304 308 306 305  310 Longwood        10-20   309 308 306 303 305   306 305 313 308 307   314 294 307 310 314  310 Longwood   293 310 307     308           328 292                305.18 307.0   6.62

 BOB GRN SEL ROH SAG   WLK WOB KPK DOL COL      Rank, Team, Record      RTH DOK DWH REN JCI    SE WOL POM  MB BIH   RPI ECK  DC CNG MOR    Rank, Team   PKL PIG SAP LYN DUN    PH ACU SCR SIM  AP   USA TRX    Mean Median St.Dev

 311 311 308 312 307   309 312 310 307 315  311 W Illinois       7-21   305 300 308 310 316   311 309 309 306 311   317 316 317 296 273  311 W Ill      314 292 319     283   299     320 314                305.56 310.0  10.10
 309 313 311 310 312   303 314 315 308 307  312 Alcorn St        8-20   319 313 315 308 312   315 306 314 318 306   302 308 294 313 324  312 Alcorn     306 313 299     310   293     299 297                306.76 310.0   7.17
 308 315 312 307 316   313 310 313 305 303  313 MS Valley St     9-19   321 319 315 312 309   313 307 322 314 302   297 312 293 323 323  313 MV St      327 317 294     319   298     283 305                308.00 312.0   9.86
 324 314 322 320 318   314 323 320 324 321  314 Howard           7-22   314 318 320 317 318   318 315 298 320 321   326 327 315 317 309  314 Howard     289 295 318     300   284     323 254                310.66 318.0  15.04
 319 321 321 313 321   320 319 323 313 312  315 Mercer           9-19   322 316 323 324 320   323 318 316 324 310   305 314 298 320 305  315 Mercer     286 305 298     301   301     325 288                310.89 317.0  10.65
 315 318 313 319 314   312 316 311 318 322  316 N Colorado       5-24   312 312 311 320 326   324 325 307 315 320   327 311 309 292 297  316 N Colo     321 289 329     264           327 318                311.53 315.0  13.15
 317 312 317 318 317   311 307 312 316 317  317 Liberty          7-23   320 320 312 309 310   309 310 323 311 317   316 303 314 322 326  317 Liberty    320 321 323     325   319     284 313                312.30 316.5   7.85
 321 317 318 322 322   319 306 313 310 316  318 Citadel         10-21   318 329 314 314 311   312 312 320 313 314   320 304 319 331 312  318 Citadel    319 298 314     293   320     324 306                312.62 315.0   7.93
 318 323 323 315 313   318 328 325 317 318  319 Stony Brook      4-24   315 314 326 321 322   322 324 317 325 318   310 319 313 304 308  319 S Brook    305 312 316     321   302     302 322                314.27 318.0   7.03
 316 316 316 317 319   316 311 318 320 319  320 VMI              7-20   317 317 318 315 315   316 317 315 317 322   318 309 328 316 322  320 VMI        318 315 317     322   308     316 312                314.33 317.0   3.79

 BOB GRN SEL ROH SAG   WLK WOB KPK DOL COL      Rank, Team, Record      RTH DOK DWH REN JCI    SE WOL POM  MB BIH   RPI ECK  DC CNG MOR    Rank, Team   PKL PIG SAP LYN DUN    PH ACU SCR SIM  AP   USA TRX    Mean Median St.Dev

 314 325 315 314 324   317 320 327 321 313  321 TX Southern      8-22   327 327 327 325 324   326 322 326 326 316   307 306 305 324 327  321 TX Sou     316 318 308     323   305     300 311                315.76 320.5   8.04
 327 319 326 323 320   322 327 324 326 323  322 NC A&T           6-23   323 321 324 322 319   320 320 318 322 324   324 328 322 326 320  322 NC A&T     290 319 320     318   304     318 302                317.42 322.0   7.77
 323 320 320 321 315   325 321 318 319 326  323 Centenary        4-23   316 315 319 319 321   319 323 321 319 323   325 323 325 315 315  323 C'tenary   325 322 327     317   315     317 328                317.92 320.5   3.82
 325 322 324 328 326   324 322 317 327 324  324 Morehead St      4-23   313 325 317 323 323   321 321 319 316 325   321 322 324 330 319  324 Morehead   323 320 324     314   321     279 325                318.11 322.5   8.53
 326 324 325 324 323   326 324 322 325 320  325 MD E Shore       7-22   324 323 322 318 317   317 316 327 321 319   319 325 320 329 330  325 MD E Sh    309 323 311     324   310     330 327                319.20 323.0   5.30
 329 326 327 327 325   327 325 325 322 329  326 St Francis PA    4-24   325 322 325 327 325   325 326 325 323 326   323 324 323 318 329  326 St Fran    313 324 325     327   317     312 326                321.38 325.0   4.04
 320 328 319 325 328   321 317 320 323 325  327 TX Pan American  7-24   326 326 321 328 330   330 327 328 327 327   330 318 312 321 325  327 TX PanAm   331 327 328     331   323     331 330                322.31 326.5   4.73
 322 327 328 326 327   330 329 328 329 328  328 Texas St         3-24   330 324 328 326 329   329 331 324 330 328   328 330 330 319 316  328 Texas St   333 316 330     311   314     306 329                322.66 328.0   6.41
 328 329 329 329 330   328 326 329 328 327  329 Army             5-22   328 331 329 330 328   328 329 330 329 329   322 320 333 328 331  329 Army       328 326 322     330   324     307 323                324.25 328.0   4.65
 331 331 330 330 329   329 330 331 330 331  330 N Florida        7-22   329 328 331 331 331   331 330 329 331 331   332 329 327 325 321  330 N Florida   322 330 331     326           332 321                326.17 330.0   3.03

 BOB GRN SEL ROH SAG   WLK WOB KPK DOL COL      Rank, Team, Record      RTH DOK DWH REN JCI    SE WOL POM  MB BIH   RPI ECK  DC CNG MOR    Rank, Team   PKL PIG SAP LYN DUN    PH ACU SCR SIM  AP   USA TRX    Mean Median St.Dev

 330 330 331 333 331   332 332 330 331 330  331 Morgan St        4-26   331 333 330 329 327   327 328 331 328 330   329 331 332 333 332  331 Morgan     330 328 326     332   325     321 331                326.84 330.0   2.58
 333 333 333 331 332   333 334 333 333 334  332 Jacksonville     1-26   333 330 333 333 334   334 333 332 333 333   331 333 331 327 328  332 J'ville    329 329 332     328   306     329 332                327.99 333.0   4.96
 332 332 332 332 333   331 331 332 332 332  333 Prairie View     5-24   332 332 332 332 332   332 332 333 332 332   334 332 329 332 333  333 Pr View    332 331 333     333   322     333 333                328.74 332.0   1.98
 334 334 334 334 334   334 333 334 334 333  334 Savannah St      2-28   334 334 334 334 333   333 334 334 334 334   333 334 321 334 334  334 Savannah   334 332 334     334   326     334 334                330.04 334.0   2.65

