 BOB ROH SEL GRN BIH   BCM COL  BD WLK REN      Rank, Team, Record      HER DOL SAG MAS ARG   WOL WIL DWH TSR RTH   WOB POM RPI ECK ENT    Rank, Team   RIS CNG MOR  DC KLK    AP SAP LYN USA SCR   ACU DES CMV SIM    Mean Median St.Dev

   1   1   1   1   1     1   1   1   1   1    1 Illinois         32-1     1   1   1   1   1     1   1   1   1   1     1   1   2   1   1    1 IL           1   3   3   1   1     1   1   1   1   5     2   1   2   1    1.28   1.0   0.79
   2   2   2   2   2     2   2   2   2   4    2 North Carolina   27-4     2   2   2   3   2     2   2   2   2   2     2   2   6   3   2    2 NC           2   1   1   3   2     2   3   2   3   2     1   2   5   2    2.28   2.0   0.94
   3   3   3   3   4     3   5   5   3   5    3 Duke             25-5     3   4   3   5   3     5   5   5   4   3     8   3   4   4   3    3 Duke         6   2   2   6   7     3   4   3   2  10     4   3   9   4    4.21   4.0   1.82
   7   4   5   4   3     5   6   4   4   2    4 Wake Forest      26-5     7   3   4   4   7     3   3   3   3   4     3   5   7   7   8    4 W Forest     3   6   5   5   3     5   5   4   6   9     3   6   3  13    4.91   4.0   2.14
   5   6   4   5   6     4   3   3   6   3    5 Washington       27-5     9   6   5   2   9     4   3   4   5   5     5  10   3   6  13    5 WA           5  11   8   4  10     8   2   8   7   8     5  11  11   9    6.19   5.0   2.83
   6   7   7   6   9     6   8   9   5  10    6 Oklahoma St      24-6     5   7   6   8   4     9   8   9  10   6    13   7   5   5   7    6 Okla St      8   5  12   7  14     6   8   6   8  12     7   4   8   6    7.53   7.0   2.36
   4   5   6  11   7     9   4  10   7   7    7 Kansas           23-6     4   8   9   7   5    10   6   7   9   7     4  12   1   2  12    7 KS           7   7  19   2   4    12   6  12  10   1    10   7  18  28    8.12   7.0   5.13
   8   8  11   9   8     8  11  11   9   8    8 Louisville       29-4     6   9   7  12   6    15  11  11  12   9    10   9  12  11   6    8 Lville       4   4   6   8  11     4  12  11   4  13     9   8  29   3    9.31   9.0   4.29
   9   9   9   7   5    11  10   8   8  11    9 Kentucky         25-5     8   5   8   9   8     8   8   7   8   8     7  13  11  12  10    9 KY          10  13  14  11   9     7  10  13   5   6     6   5  22  15    9.33   9.0   3.29
  10  11   8   8  12    10   7   6  10   9   10 Arizona          27-6    15  14  12   6  13     6   7   6   7  11     6  15   8  10  23   10 AZ           9  17   9   9   6     9   9  17   9   4    12  15  24  10   10.49   9.0   4.43

 BOB ROH SEL GRN BIH   BCM COL  BD WLK REN      Rank, Team, Record      HER DOL SAG MAS ARG   WOL WIL DWH TSR RTH   WOB POM RPI ECK ENT    Rank, Team   RIS CNG MOR  DC KLK    AP SAP LYN USA SCR   ACU DES CMV SIM    Mean Median St.Dev

  11  10  10  16  10    21   9  12  18   6   11 Boston College   24-4    14  10  18  11  18     7  10  10   6  15     9  21   9   8  20   11 BC          13  26  25  12   5    14  11  16  12   7     8   9   1  29   12.74  11.0   6.08
  12  12  12  15  13     7  14  14  12  13   12 Oklahoma         24-7    12  11  10  13  11    14  12  12  13  12    12  17  18  17   9   12 OK          14   8  17  16  12    17  18   5  16  11    15  16  12  19   13.15  13.0   3.08
  13  13  13  13  16    13  15  15  14  14   13 Connecticut      22-7    11  18  13  15  14    16  15  15  15  13    14   6  13  13  15   13 CT          17  12   7  10  21    13  24   9  14   3    13  14  13   8   13.41  13.0   3.67
  15  16  14  14  14    14  13  13  19  15   14 Syracuse         27-6    17  12  15  14  16    13  13  13  14  14    18  14  20  14  19   14 Syracuse    11  19  18  13  19    11  17  15  13  20    11  13  14  20   15.08  14.0   2.65
  16  18  16  12  19    15  18  16  11  17   15 Michigan St      22-6    16  16  11  17  12    17  16  16  16  10    15   4  21  21   5   15 Mich St     25  10  10  23  13    15  21   7  15  28    21  12  30  16   15.83  16.0   5.51
  17  14  15  10  11    18  12   7  13  12   16 Gonzaga          25-4    19  13  21  10  20    11  13  13  11  16    11  16  10   9  26   16 Gonzaga     12  31  32  17   8    10   7  20  11  14        10   4   5   16.09  12.5   6.21
  18  15  18  18  22    17  16  22  17  19   17 Villanova        22-7    13  22  17  19  17    22  18  18  18  17    17   8  15  15  11   17 V'nova      23  14  15  19  16    19  22  10  22  17    16  17  17   7   17.01  17.0   3.69
  14  17  19  17  18    12  19  20  15  18   18 Florida          23-7    10  20  14  20  10    21  19  18  19  18    24  11  19  18   4   18 FL          21   9   4  14  26    16  23  14  18  16    17  21  47  11   17.23  18.0   6.89
  19  19  17  19  20    19  17  17  20  16   19 Wisconsin        22-8    20  19  19  16  19    18  16  17  17  19    20  20  14  16  14   19 WI          22  20  20  18  24    20  20  19  19  18    20  18   6  38   18.71  19.0   4.23
  20  21  20  20  17    16  20  18  16  20   20 Alabama          24-7    18  15  16  18  15    20  19  20  20  20    19  18  17  19  17   20 AL          16  16  11  15  18    21  19  25  21  24    19  22  48  14   19.19  19.0   5.45

 BOB ROH SEL GRN BIH   BCM COL  BD WLK REN      Rank, Team, Record      HER DOL SAG MAS ARG   WOL WIL DWH TSR RTH   WOB POM RPI ECK ENT    Rank, Team   RIS CNG MOR  DC KLK    AP SAP LYN USA SCR   ACU DES CMV SIM    Mean Median St.Dev

  21  20  21  24  23    22  22  26  21  21   21 Cincinnati       24-7    21  25  23  26  21    24  21  22  22  21    22  25  24  23  16   21 Cincin      19  18  24  21  17    23  26  28  23  32    25  19  32  32   22.97  22.0   3.64
  22  23  22  21  21    27  24  19  25  25   22 Utah             27-5    23  21  24  22  23    19  22  21  21  22    21  19  23  22  28   22 UT          18  33  27  28  22    18  16  34  17  29    14  24  44  18   23.13  22.0   5.41
  25  27  26  26  25    24  26  23  30  28   23 Texas Tech      20-10    24  23  22  23  24    25  23  24  24  26    30  36  28  26  29   23 TX Tech     29  22  33  32  42    24  43  24  24  27    29      10  49   27.54  26.0   6.64
  23  26  23  22  26    20  29  25  22  31   24 Georgia Tech    19-11    22  24  20  25  22    26  26  26  25  23    36  23  27  31  21   24 Ga Tech     35  15  16  36  61    25  50  18  25  22    27      21  68   27.78  25.0  10.85
  31  25  29  23  15    33  23  21  24  22   25 Pacific          26-3    28  17  27  24  27    12  24  23  23  33    16  39  22  20  40   25 Pacific     15  68  67  20  15    22  13  42  20  48        25  23  17   28.76  23.0  12.62
  28  22  27  25  29    26  28  28  26  29   26 Pittsburgh       20-8    25  28  29  29  26    29  26  27  27  25    27  22  36  30  25   26 Pitt        39  25  21  41  27        53  22      35    22  20  82  39   30.50  27.0  10.89
  26  30  28  30  28    23  25  30  28  27   27 LSU              20-9    30  31  30  32  30    35  30  30  32  30    25  32  25  25  34   27 LSU         32  37  22  24  29        30  38      19    31      46  36   30.66  30.0   4.98
  24  24  24  27  24    29  21  24  23  23   28 S Illinois       26-7    26  26  31  21  25    23  29  29  33  34    23  29  16  24  31   28 S Ill       20  41  54  22  20        14  52      15            66  21   30.80  24.0  10.82
  27  28  25  28  27    28  31  33  27  24   29 Iowa            21-11    29  27  26  28  28    33  25  25  26  24    26  27  43  37  18   29 IA          36  24  28  42  43        64  21      61    33       7  77   32.48  28.0  12.97
  35  31  33  29  30    32  34  29  39  26   30 West Virginia   21-10    39  30  38  31  35    28  31  31  28  32    38  35  34  38  37   30 WV          38  44  30  31  49        48  32      41    23      15  52   34.97  32.5   7.16

 BOB ROH SEL GRN BIH   BCM COL  BD WLK REN      Rank, Team, Record      HER DOL SAG MAS ARG   WOL WIL DWH TSR RTH   WOB POM RPI ECK ENT    Rank, Team   RIS CNG MOR  DC KLK    AP SAP LYN USA SCR   ACU DES CMV SIM    Mean Median St.Dev

  29  29  30  35  32    30  38  34  35  37   31 Texas           20-10    27  29  25  33  29    37  32  33  30  27    31  34  42  36  24   31 TX          44  23  36  53  40        59  26      40    32      42  78   36.22  33.0  10.47
  30  32  32  33  31    31  32  35  36  33   32 Minnesota       21-10    31  32  37  35  33    41  32  32  31  28    35  31  40  32  30   32 MN          37  34  47  38  37        58  31      33    40      89  57   37.74  33.0  11.13
  32  39  34  37  33    38  37  37  29  38   33 Mississippi St  22-10    32  34  32  34  31    38  35  36  34  37    29  41  29  33  38   33 Miss St     31  36  34  33  33        42  49      49    36      50  69   37.81  35.5   7.53
  36  36  36  31  39    25  50  40  31  43   34 NC State        19-13    36  36  28  37  32    45  38  38  37  29    52  24  63  61  22   34 NC St       61  21  13  55  86        83  23      34    35      19  35   40.05  36.0  16.18
  37  35  38  45  38    49  27  43  43  36   35 Nevada           24-6    33  46  41  43  36    36  39  40  43  45    32  47  32  29  63   35 NV          28  66  63  29  23        32  58      26    18      54  22   40.21  38.0  11.55
  34  41  31  34  40    37  30  27  40  30   36 UCLA            18-10    47  51  51  27  55    32  26  28  29  36    28  46  38  41  56   36 UCLA        52  58  42  40  39        56  59      31    37      36  62   41.10  38.5  10.53
  33  33  37  39  34    50  33  39  34  32   37 Charlotte        21-7    34  38  46  38  39    34  37  37  39  40    33  49  31  34  48   37 Charl       33  57  55  25  25        28  68      64    34      62  75   41.63  37.0  12.05
  44  37  43  32  35    36  43  32  48  39   38 New Mexico       26-6    54  33  39  42  41    31  36  35  35  31    40  28  67  45  35   38 NM          34  39  35  51  56        39  35     119    30      41  27   42.17  38.0  15.67
  39  47  35  36  47    40  39  31  42  35   39 Stanford        18-12    52  49  49  30  53    39  34  34  36  39    34  38  41  43  49   39 Stanford    55  59  38  39  60        57  46      21    38      33  46   42.61  39.0   8.79
  42  40  47  55  44    45  36  44  53  41   40 Texas-El Paso    27-7    40  45  52  48  51    43  45  47  47  57    43  62  33  39  68   40 UTEP        26  60  51  30  32        29  55      56    24      26  31   44.96  44.5  10.74

 BOB ROH SEL GRN BIH   BCM COL  BD WLK REN      Rank, Team, Record      HER DOL SAG MAS ARG   WOL WIL DWH TSR RTH   WOB POM RPI ECK ENT    Rank, Team   RIS CNG MOR  DC KLK    AP SAP LYN USA SCR   ACU DES CMV SIM    Mean Median St.Dev

  41  38  41  44  42    35  40  45  41  34   41 Creighton       23-10    44  48  45  41  43    42  42  43  50  47    39  37  44  44  44   41 Cr'ghton    43  51  46  34  31        54  80      45            71  26   46.77  43.0   9.69
  43  45  42  40  41    51  35  36  49  40   42 St Mary's CA     25-8    46  42  55  36  54    30  40  39  44  50    37  63  30  28  71   42 St Mary's    30  76  76  35  28        27  39      54            59  33   47.01  41.0  13.02
  38  42  39  38  51    44  47  41  46  53   43 Ohio St         20-12    37  44  35  40  40    49  42  40  40  35    45  30  51  47  32   43 Ohio St     51  30  45  65  65        73  29      55    47      93  67   47.17  44.0  13.12
  45  43  40  41  48    43  51  42  57  49   44 Iowa St         18-11    59  43  50  39  47    52  42  44  41  42    41  45  62  66  47   44 Iowa St     64  42  40  62  58        77  33      46    41      38  53   48.99  45.0   9.50
  40  49  44  42  45    34  54  46  55  47   45 Texas A&M        19-9    43  41  33  54  45    57  40  40  38  38    48  33  71  54  36   45 TexA&M      66  28  50  66  57        79  27      99    43      35  59   49.09  45.0  14.69
  55  46  56  46  46    41  49  60  33  51   46 G Washington     22-7    51  47  40  62  42    53  58  60  61  48    71  44  56  52  59   46 G Wash      48  43  29  50  55        46  36     107    28  23  16  44   49.54  48.0  15.04
  58  55  53  43  36    42  45  47  38  50   47 WI Milwaukee     24-5    63  35  36  57  37    40  58  57  65  60    47  42  58  42  52   47 WI Mil      42  64  56  47  34        31  41      85            55  43   51.80  47.0  11.38
  47  52  55  57  54    46  48  57  50  48   48 UAB             21-10    45  57  48  58  48    50  54  54  54  54    50  55  49  46  43   48 UAB         46  46  48  46  41        62  53      71    49      67  48   52.37  50.0   6.35
  53  44  58  53  37    60  41  38  44  42   49 Old Dominion     28-5    49  37  53  55  38    27  56  56  63  71    42  70  35  35  77   49 ODU         24  87  77  27  30        25  60      76            85  24   52.77  49.0  17.92
  46  48  46  48  52    54  58  50  47  65   50 Maryland        16-12    41  40  34  45  50    56  49  48  46  41    54  43  57  67  41   50 MD          71  29  37  71  76        84  30      36    45      72 108   53.20  48.0  16.07

 BOB ROH SEL GRN BIH   BCM COL  BD WLK REN      Rank, Team, Record      HER DOL SAG MAS ARG   WOL WIL DWH TSR RTH   WOB POM RPI ECK ENT    Rank, Team   RIS CNG MOR  DC KLK    AP SAP LYN USA SCR   ACU DES CMV SIM    Mean Median St.Dev

  50  50  50  50  53    52  44  52  51  45   51 N Iowa          21-10    48  53  42  44  52    47  49  50  55  52    44  50  37  49  46   51 N Iowa      47  56  81  48  44        47  76      67            34  73   53.88  50.0   9.73
  60  34  65  47  61    39  61  67  37  67   52 Utah St          24-7    34  67  44  77  34    48  74  73  75  53    74  26  50  51  27   52 Utah St     41  32  31  43  50        38  40     147            27  12   54.42  48.0  23.67
  48  53  49  54  49    56  42  55  45  44   53 Wichita St       20-9    50  50  54  47  49    46  49  51  58  58    46  51  45  59  50   53 Wich St     50  61  75  52  35        49  86      63            73  95   56.96  50.0  11.99
  59  54  71  51  43    72  52  51  32  69   54 Vermont          24-6    38  39  43  67  44    44  94 101  90  88    81  73  26  27  42   54 VT          27  70 107  26  38        15  51      37            57  23   57.08  51.0  23.69
  52  51  48  49  55    68  57  49  66  57   55 Notre Dame      17-11    58  54  61  50  66    54  45  45  42  43    55  53  73  70  39   55 N Dame      72  54  52  69  53        92  37      43    44      84  89   57.71  54.0  13.40
  51  60  45  52  56    47  56  53  61  56   56 Indiana         15-13    62  56  57  53  62    63  45  46  45  44    49  52  60  62  53   56 IN          83  48  43  72  91       100  43      23    60      97  58   58.13  56.0  15.41
  49  56  52  63  62    48  60  73  54  59   57 Vanderbilt      18-13    42  63  47  71  46    73  58  59  59  46    59  40  74  71  33   57 Vand        70  27  23  76  72        93  44      57    58      52  80   58.26  58.5  14.88
  66  62  61  56  50    58  46  48  52  60   58 Buffalo          22-9    69  52  72  46  59    51  64  64  71  76    53  56  46  48  67   58 Buffalo     45  88  74  59  36        33  83     110            51  41   61.88  58.0  15.30
  54  57  60  66  60    67  55  66  59  64   59 DePaul          19-10    57  65  65  69  63    60  61  60  64  59    57  60  53  63  73   59 DePaul      58  63  53  58  46        72  65      68    39      81  66   62.06  60.5   7.49
  69  65  68  59  58    63  59  59  58  58   60 Miami OH        19-10    66  59  62  51  65    55  68  68  74  73    51  59  39  57  51   60 Mia OH      63  72  83  44  47        34  78      42            49  64   62.36  59.0  10.90

 BOB ROH SEL GRN BIH   BCM COL  BD WLK REN      Rank, Team, Record      HER DOL SAG MAS ARG   WOL WIL DWH TSR RTH   WOB POM RPI ECK ENT    Rank, Team   RIS CNG MOR  DC KLK    AP SAP LYN USA SCR   ACU DES CMV SIM    Mean Median St.Dev

  56  58  51  58  69    57  53  54  62  46   61 Arizona St      18-13    60  78  64  49  68    65  48  48  49  49    56  71  68  65  45   61 Ariz St     75  52  61  75  71        85  74      65    61      28 139   62.78  60.5  17.41
  57  63  57  64  57    62  62  65  68  54   62 Miami FL        16-12    56  58  58  61  70    69  56  55  52  55    63  78  69  60  62   62 Mia FL      79  49  62  73  81        91  45      39    46      25 163   64.19  61.5  20.88
  64  59  66  61  67    61  65  63  56  62   63 SW Missouri St  18-12    61  71  56  60  56    64  66  66  70  65    62  54  52  77  66   63 SW Mo St    67  55  79  56  73        74  97      53            40  42   65.62  63.0  10.28
  61  61  54  60  59    66  63  56  75  52   64 Georgetown      17-12    65  55  71  56  69    58  52  51  48  51    60  75  77  73  61   64 G'town      77  62  64  68  88        97  48      44    48     112 106   65.81  61.0  15.74
  65  72  64  62  68    53  76  70  69  71   65 Clemson         16-15    68  61  60  66  60    79  66  65  60  56    76  48  87  88  65   65 Clemson     99  38  39 111 123       116  57      51    57      68 111   71.39  66.0  20.10
  62  67  59  65  65    55  66  68  86  63   66 Kansas St       17-12    70  64  66  65  72    91  54  69  51  64    58  72  97  81  57   66 Kans St     96  45  57  95  96       119  61      89    62      43 107   71.72  65.5  17.63
  76  66  73  67  64    74  64  62  70  61   67 Ohio            21-10    81  70  75  64  81    61  72  76  85  89    89  86  48  50  76   67 OH          57 101 102  37  62        37 100      91            31  56   72.61  70.0  17.41
  75  78  79  77  74    71  70  71  67  77   68 LA Lafayette    20-10    77  76  76  73  75    62  79  79  86  82    65  58  47  64  85   68 LA Laf      56 100  70  49  67        40  93      74            64  40   73.23  74.0  13.22
  80  75  81  70  80    69  81  78  65  75   69 St Joseph's PA  19-11    76  72  73  85  67    72  90  93  92  85    96  69  65  84  79   69 St Joes     74  79  41  60  79        67  84      25    26      99  51   73.96  75.5  16.56
  67  69  69  85  75    64  79  91  71  73   70 South Carolina  15-13    64  73  68  79  61    98  70  70  69  61    73  67  90  89  58   70 SC          95  40  44  92  98       121  54      73    63      86 147   76.94  72.0  19.99

 BOB ROH SEL GRN BIH   BCM COL  BD WLK REN      Rank, Team, Record      HER DOL SAG MAS ARG   WOL WIL DWH TSR RTH   WOB POM RPI ECK ENT    Rank, Team   RIS CNG MOR  DC KLK    AP SAP LYN USA SCR   ACU DES CMV SIM    Mean Median St.Dev

  70  68  67  73  72    65  68  69  93  72   71 Missouri        16-16    71  75  77  70  87    89  61  62  57  66    61  99  72  69  94   71 MO          84  71  72  91 112       120  75      30    64      92 137   77.75  72.0  19.18
  63  73  70  80  78    79  82  82  73  74   72 Arkansas        18-12    55  74  59  76  57    85  71  70  67  63    75  82 100  92  60   72 AR          87  35  66 116  83       106  47     111    74      87 152   78.54  74.5  20.86
  73  64  93  79  63    89  72  77  60  96   73 Holy Cross       24-6    53  60  67  99  58    59 104 108 103 104    80  79  66  40  80   73 H Cross     40  91 113  61  48        41  50     123           159  37   79.22  73.0  26.91
  72  81  62  69  81    77  67  58  79  55   74 Oregon          14-13    78  85  83  52  90    70  53  53  53  62    64  92  81  80  84   74 OR         101  81  85 106 117       105 108      72    72      39 164   79.27  78.5  22.97
  71  77  63  81  66    75  73  72  84  66   75 Virginia        14-15    79  62  78  59  79    74  61  58  56  67    66 101  80  87  70   75 VA          97  69  71 102 130       118  67      50    59      75 205   79.78  72.5  27.34
  74  74  75  86  86    59  89  90  83  88   76 Memphis         19-15    72  84  70  91  77    95  74  73  78  69    87  57 109  98  74   76 Memphis     93  47  26 101 121       134  62      66    66     113  50   80.97  77.5  20.91
  78  89  87  98  91    76  80 101 100  79   77 Rice            19-11    73  99  92  94  91    92  86  86  88  90    69  89  59  78  95   77 Rice        73  83  80  77  78        82  85      47    42      69  61   82.22  84.0  13.72
  86  71  92  78  70    73  77  83  63  93   78 Oral Roberts     25-7    94  68  82  84  64    66  94  94  97  97    78  68 102  72  64   78 O Rob       54  85  96  84  54        52  71     145           101  45   82.27  78.0  18.81
  84  83  80  75  79    80  78  75  77  81   79 Kent            20-12    85  80  74  72  84    68  81  81  87  86    79  80  61  74  83   79 Kent        76  92  99  67  70        66  87      88           119  79   82.62  80.0  10.13
  68  70  74 102  71    84  71  89  82  70   80 Marquette       19-11    67  86 103  89  96    76  68  67  66  68    67 100  88  76  88   80 Marq'te     68  77  82  99  64        94 107     104    68      91 129   83.09  79.5  15.40

 BOB ROH SEL GRN BIH   BCM COL  BD WLK REN      Rank, Team, Record      HER DOL SAG MAS ARG   WOL WIL DWH TSR RTH   WOB POM RPI ECK ENT    Rank, Team   RIS CNG MOR  DC KLK    AP SAP LYN USA SCR   ACU DES CMV SIM    Mean Median St.Dev

  85  76  78  76  77    88  74  74  72  83   81 Akron           19-10    82  77  80  74  74    75  86  89  94  91    82  77  70  83  72   81 Akron       85  80 100  70  51        60  81     115           125  86   83.53  80.0  13.30
  87  80 103  83  84    85  86  94  64 107   82 Penn             20-8    74  79  69 108  76    86 122 122 121 112   111  81  55  68  91   82 Penn        69  94  91  45  69        36  70      70           134  30   86.72  84.0  23.99
  79  79  91  95  82    93  69  86  81  80   83 W Kentucky       21-8    91  83  89  86  88    80  86  87  98  99    68  90  75  75  98   83 W Kent      62 107 118  83  45        51 106     141            77  88   88.14  86.0  17.33
  88  91  72  71  87    94  83  61  95  68   84 Oregon St       17-14   112  97  96  68 100    77  64  63  62  75    72  84 104 103 112   84 Oreg St    113 115  88  90 103       101  94      79    70     105 126   89.00  89.0  17.30
 100  86  84  72  90    82  87  92  74  87   85 W Michigan      19-12    99  82  63  75  71    82  96  94 100  92    84  64  98 104  54   85 W Mich     100  78  89  93  74        81  98     113           116  99   89.45  87.0  13.76
  82  95  77  84 105    81 100  99  91  76   86 Providence      14-17    75 102  81  90  83   100  83  81  79  70    98  66  93  96  55   86 Prov       116  50  58 121 163       148  66      59    65     109 113   89.77  83.5  23.98
  81  85  76  82  98    70  99  79 101 100   87 Nebraska        14-14    83  94  79  82  73   104  76  78  72  72    97  85 111 108  82   87 NE         115  53  65 127 126       146  64      69    73      98 110   89.84  82.5  20.11
  90  82  83  74  73    87  97  76 105  85   88 Virginia Tech   15-13   102  66  88  78 103    93  76  73  68  77    92  87 112 112  81   88 Va Tech    121  84  69  98 102       132  56      62    50     135 148   89.98  86.0  21.86
  77  92  88  90  85    97  88  88  87  99   89 Houston         18-13    90  89  97  87  94    78  83  83  83  83    83  97  83  86 110   89 Houston     80  98 106  96  85        88  91      84    76      96 112   90.31  88.0   8.56
  91 104  85  89  96    91  94  84 109  78   90 UNLV            16-13    93 101  86  83 101    87  79  76  77  79    70  91  92  91  90   90 UNLV        92  89  73 110 122       109 111      94    55      65 118   91.00  91.0  14.46

 BOB ROH SEL GRN BIH   BCM COL  BD WLK REN      Rank, Team, Record      HER DOL SAG MAS ARG   WOL WIL DWH TSR RTH   WOB POM RPI ECK ENT    Rank, Team   RIS CNG MOR  DC KLK    AP SAP LYN USA SCR   ACU DES CMV SIM    Mean Median St.Dev

  96 102  82  68 108    83 105  64  78  92   91 Washington St   12-16   103 109  84  63  92    90  72  72  73  74    90  61  94 120  75   91 Wash St    133  74  68 114 152       129  90      52    83     104 128   91.60  90.0  22.83
  83  94  94 100  89    95  90  95 104  82   92 TCU             19-13    88  93 101  95  99    88  83  83  81  84    86  95  91  90 103   92 TCU         86  95 103  88  95       103 118      92    56      90  97   92.52  92.5   9.90
  92  84 105  88  76    99  75  80  90 108   93 Winthrop         27-5    96  69 106 109  93    67 116 117 107 118    85  94  82  58 132   93 Winthrop    49 151 141  64  52        35  63     158           108  25   93.37  92.0  30.29
  93  88 104  94  83    90  85  81  80 102   94 Hofstra          21-8    87  81  91 100  82    71 109 113 116 117   107 102  76  82 116   94 Hofstra     65 119 109  78  80        55  95     155            88  60   95.12  90.0  19.59
 101 103  99  87 104    86 116  96  88 106   95 Air Force       18-12    97  95  87 105  78    97 100  97  93  80   105  65 114 106  69   95 A Force    108  67  60 120 109       104  69     124    53     138  96   95.61  97.0  18.55
  95  90  96 101  94   103  98 109  92  94   96 Temple          16-13    92  90  90 104  85   105  97 100  96  93   104  96  96 113  86   96 Temple     111  73  78  94 106       107  77      78    52     110 121   95.72  96.0  12.94
  89  98  89  91  97    78 109 102 103 103   97 Tennessee       14-17    84  91  85  96  86   122  89  87  82  78    99  74 106 109  78   97 TN         117  65  49 108 165       157  88      60    69     142  92   96.01  91.0  23.91
  97 101 101 103  95   106  84  93  98  97   98 Davidson         21-8    98  88 109 107  89    83 102 102 105 120    77 120  78  56 144   98 Davidson    60 148 136  63  66        65  89      38           139  47   96.48  97.0  25.98
  94 107  86  92 101    92 101  87 110  86   99 Colorado        14-16   104  96 105  80  97   108  76  79  76  81    91  98  99 110 105   99 CO         119  93  90 113 158       140 105      82    79     102 181  101.17  97.5  21.75
 105  99 110  97 107   100 104 100  89 116  100 Denver          20-10   106 103  95 102  95   102 109 108 114 106    94  88 101  97 102  100 Denver      91 103 111  80  77        70          75            45  85  101.19 100.5  14.34

 BOB ROH SEL GRN BIH   BCM COL  BD WLK REN      Rank, Team, Record      HER DOL SAG MAS ARG   WOL WIL DWH TSR RTH   WOB POM RPI ECK ENT    Rank, Team   RIS CNG MOR  DC KLK    AP SAP LYN USA SCR   ACU DES CMV SIM    Mean Median St.Dev

 103  96  97  93 102    98  93  85  96  90  101 San Francisco   16-13   100 107 104  81 112    96  90  91  91 100    93 109  86  95 100  101 SanFran     94 110 132 109 100        87 114      97            94 133  101.43  97.0  11.38
 115 110 106  96 109   102 110 105  94 104  102 Toledo          16-13   116 108  94  97 104   106 105 105 113 105   108  83 105 117  93  102 Toledo     118 106 101 107  94        95 104     101            53  65  103.52 105.0  13.12
 102  87 124 107  92   107 102 107  97 114  103 Bucknell         22-9    86  87 114 120  98    84 129 133 128 137   132 110  64  55 106  103 Bucknell    53 142 151  57  75        45  92     165            79  72  103.55 102.0  28.93
 104 100 125 106  93   112  91 108  85 115  104 Northeastern     21-9    89  92 112 115 111    94 129 139 137 142   120 105  54  53 113  104 NEastern    59 137 139  54  59        44          95           128  34  104.25 105.5  29.78
  99 106  90 108 106   105 103 106 115  89  105 Northwestern    15-16   110 105 111 103 121   117  90  89  84  87   102 112 119 102 108  105 NWestern   124 104  93 124 135       158  96      77    81      80 124  105.60 105.0  16.58
 107  97 107  99 112    96 111 117  99 119  106 Xavier          17-12   105 111 100 114 102   123 112 111 110  98   112  76 139 131  87  106 Xavier     129  82  59 128  99       126  82     122    51     169  71  106.42 108.5  22.37
  98  93 116 112 100   127  95 113  76 125  107 Boston Univ      20-8    79  98  93 116  80   101 129 142 135 133   131 111  84  79 101  107 Boston U    78 108 158  79  87        61  79     144           160  63  107.26 101.0  25.92
 110 105 100 109  88   124  92 104 107  84  108 Bowling Green   18-11   122 100 110  92 114    99  97  97 102 108    95 134 107 119 119  108 B Green    107 131 155 100  68        86 130     140            37 220  110.81 107.0  28.46
 109 111 113 115  99   119  96  97 121 105  109 Ark Little Rock 18-10   108 104 121  98 134    81 103 103 106 119    88 133  79  85 155  109 Ark LR      88 159 153  74  89        71         100            61 135  111.00 104.5  23.40
 112 122 108 113 110   113 115 110 126 110  110 Wyoming         15-13   115 110 115 106 117   110 100  99  95 101   103 107 121 116 109  110 WY         110 114 105 123 110       135 125     118    82      70 140  111.42 110.0  12.74

 BOB ROH SEL GRN BIH   BCM COL  BD WLK REN      Rank, Team, Record      HER DOL SAG MAS ARG   WOL WIL DWH TSR RTH   WOB POM RPI ECK ENT    Rank, Team   RIS CNG MOR  DC KLK    AP SAP LYN USA SCR   ACU DES CMV SIM    Mean Median St.Dev

 118 114 111 104 124   101 120 112 116 101  111 San Diego       16-13   120 130 119 112 118   116 106 105 108 110   106 115 122 115 104  111 S Diego    130 113 123 117 124       127 110     103            60  76  113.56 114.0  13.62
 106 120 102 110 103   116 106 111 112  91  112 Illinois St     17-13   118 106  99 101 108   103  97  94  99 102   100 119 120 127 114  112 Ill St     127 117 142 137 114       130 135     128            74 162  114.70 111.0  16.58
 111 108 109 122 111   114 107 123 113 111  113 Dayton          18-11   109 119 126 127 113   124 112 115 117 115   117 126 126 118 122  113 Dayton     114 112  94 125  84       112 102     134    54     121 155  114.93 114.5  15.52
 116 109 126 120 118   111 112 126 106 124  114 VA Commonwealth 19-12    95 125 108 131 115   114 127 132 129 130   140 125  89 100 136  114 VCU         90 123 104  81  90        78 101      87           163  83  115.05 115.0  19.09
 113 124  98 105 126   104 118 103 117  98  115 USC             12-17   123 127 113  93 119   120  90  91  89  95   109 103 127 130 118  115 USC        153 102  87 146 185       163 140      80    90      58 184  115.50 113.0  27.14
 124 117 115 114 113   108 121 118 108 109  116 Ball St         15-13   119 116 107 110 106   119 115 113 120 114   116 104 117 137  89  116 Ball St    134 105 115 119 118       122 115     109           111  91  115.73 115.0   9.25
 108 123  95 116 122   123 108  98 127  95  117 California      13-16   125 128 123  88 137   115  81  83  80  96   101 118 128 125 127  117 CA         143 125 127 141 149       153 153      81    87     103 214  118.37 122.5  26.60
 114 116 112 111 129   109 136 116 125 138  118 Florida St      12-19   113 120  98 111 116   132 106 104 101  94   127  93 134 134  96  118 Fla St     161  75  84 154 204       195  73      58    75     131 160  118.61 115.0  30.96
 125 118 120 118 125   117 123 115 120 112  119 Pepperdine      17-14   132 124 124 113 130   109 109 108 115 113   110 122 125 124 133  119 P'dine     137 129 128 122 113       123 121     121            63 115  120.49 121.0  12.10
 123 119 129 117 120   125 122 114 102 136  120 Drexel          17-11   101 113 117 123 107   107 141 142 138 135   147 106  85 101 134  120 Drexel     102 127 114  82 105        76         114           189  55  120.60 117.0  23.59

 BOB ROH SEL GRN BIH   BCM COL  BD WLK REN      Rank, Team, Record      HER DOL SAG MAS ARG   WOL WIL DWH TSR RTH   WOB POM RPI ECK ENT    Rank, Team   RIS CNG MOR  DC KLK    AP SAP LYN USA SCR   ACU DES CMV SIM    Mean Median St.Dev

 130 113 140 133 119   118 124 139 111 131  121 Niagara          20-9   114 115 127 145 123   137 150 154 157 150   154 117  95 114 117  121 Niagara    104 118 120  87  82        63  99     136           130  81  123.02 120.0  22.22
 117 136 122 119 123   110 135 120 124 117  122 Mississippi     14-17   111 121 102 117 105   140 116 118 112 107   128 113 140 136 121  122 MS         142  90  92 153 183       172 119     112    89     141 170  124.67 119.5  21.34
 120 115 117 137 130   133 117 137 134 127  123 Hawaii          16-13   107 132 131 129 127   134 116 118 118 116   119 143 131 141 135  123 HI         120 109 126 150 107       150 122     149    80      56 176  125.66 127.0  20.04
 122 130 118 123 135   122 130 124 136 118  124 Seton Hall      12-16   117 134 125 121 124   141 116 116 111 111   137 121 133 138  92  124 S Hall     147  99  86 151 178       185 103      96    95     115 234  127.70 122.5  27.58
 131 126 134 124 115   128 125 122 119 128  125 CS Fullerton    19-10   127 117 130 133 128   112 134 131 136 134   124 130 113 123 139  125 CS Full    106 145 133 104 101        89         178           153  87  128.91 127.5  16.95
 121 134 119 125 117   130 126 121 133 113  126 Auburn          14-17   128 118 132 119 125   133 106 107 104 109   115 136 137 129 131  126 Auburn     144 126 122 135 167       174 146     106    86     148 217  129.22 126.0  22.59
 129 128 132 134 134   120 127 133 123 132  127 Middle Tenn St  19-12   121 138 122 134 122   130 129 126 134 131   125 116 124 121 130  127 Mid Tenn   112 128 124 130  97        98         153           155 104  130.01 128.0  11.97
 133 131 149 136 131   132 133 125 118 144  128 SE Louisiana     24-8   139 123 140 147 109   121 150 148 153 148   121 131 115  93 159  128 SE LA       82 165 168  89 115        75 109     157           176  74  131.23 132.0  25.58
 138 133 143 121 137   115 141 136 114 139  129 CS Northridge   18-13   126 135 120 138 120   126 144 145 151 136   135 108 110 132  99  129 CS NR      123 120 117  97 128        99         143           204  70  131.32 130.0  21.76
 136 125 145 150 140   143 119 138 142 121  130 UCF              24-8   133 151 169 139 152   113 126 126 143 161   113 186 108  93 193  130 UCF         81 216 184  85  63        69 132     198            20  54  132.03 136.0  42.02

 BOB ROH SEL GRN BIH   BCM COL  BD WLK REN      Rank, Team, Record      HER DOL SAG MAS ARG   WOL WIL DWH TSR RTH   WOB POM RPI ECK ENT    Rank, Team   RIS CNG MOR  DC KLK    AP SAP LYN USA SCR   ACU DES CMV SIM    Mean Median St.Dev

 126 121 123 143 121   145 113 130 146 123  131 Massachusetts   16-12   134 122 146 130 156   127 120 121 124 128   122 163 136 128 164  131 MA         126 157 131 139  92       143 134     131    67     129 187  132.20 129.5  20.25
 127 127 131 138 116   144 114 119 128 134  132 UNC Wilmington  19-10   123 114 137 132 133   111 138 139 139 156   142 154 103 111 158  132 NCWilm      98 162 146  86 108        80         132           188 114  132.43 131.5  21.95
 119 132 114 128 132   126 129 132 132 122  133 Michigan        13-18   128 131 116 122 129   143 112 111 109 103   134 127 157 151 125  133 MI         168  96 108 181 186       207  72     102    94     166 235  133.10 128.0  32.17
 134 112 128 126 139   121 139 127 130 129  134 Santa Clara     15-16   130 143 118 125 138   135 124 122 125 121   130 128 132 139 115  134 S Clara    146 116 135 118 142       147 123      93           268 141  134.06 129.0  25.99
 128 129 121 131 128   137 128 135 129 126  135 Bradley         13-15   131 133 128 118 132   128 120 118 119 123   114 137 142 155 120  135 Bradley    145 121 152 157 146       175 145     130            78 206  134.79 129.0  20.34
 145 137 150 135 114   138 132 134 122 130  136 E Kentucky       22-8   151 112 144 141 136   118 144 142 148 159   118 148 116 107 151  136 E Kent      89 190 174 105 119        68 116     218           118 100  134.93 135.0  27.59
 137 150 137 140 149   136 145 142 147 140  137 SMU             14-14   137 146 136 140 131   147 134 135 132 129   146 135 148 156 137  137 SMU        151 122 119 169 164       171 112     120    85      95 150  138.36 138.5  17.39
 132 141 127 127 133   134 138 128 140 120  138 Drake           13-16   142 140 133 126 141   138 123 122 123 124   136 132 147 152 123  138 Drake      159 133 130 170 172       181         105            76 161  138.87 133.0  19.24
 141 142 144 142 141   142 134 146 131 135  139 Chattanooga     20-10   146 137 143 152 110   129 144 141 147 151   123 165 135 126 156  139 UT Chat    109 167 170 126 111       102 131     189           140 119  140.47 141.0  17.96
 144 145 133 129 144   152 143 131 135 143  140 Portland        15-15   147 145 129 128 146   136 129 129 126 127   141 139 152 145 138  140 Portland   157 136 156 175 157       154 143     152           106 172  143.22 143.0  13.45

 BOB ROH SEL GRN BIH   BCM COL  BD WLK REN      Rank, Team, Record      HER DOL SAG MAS ARG   WOL WIL DWH TSR RTH   WOB POM RPI ECK ENT    Rank, Team   RIS CNG MOR  DC KLK    AP SAP LYN USA SCR   ACU DES CMV SIM    Mean Median St.Dev

 139 139 142 151 148   141 131 151 141 145  141 Col Charleston  18-10   138 144 149 153 135   145 148 150 150 154   139 159 145 105 170  141 Char'ton   105 160 154 136 104       110 117     221           158 120  144.10 145.0  21.21
 142 138 135 132 154   129 155 150 151 148  142 St John's        9-18   136 157 135 142 148   167 138 136 130 125   156 114 165 158  97  142 St John    180  97  95 185 242       237 113      83    88     133 196  144.33 140.0  34.93
 135 144 130 130 146   139 150 129 159 137  143 Rutgers         10-19   143 142 134 124 149   146 124 125 122 122   145 138 144 154 107  143 Rutgers    181 111 112 155 251       213 129      90    92     216 230  144.62 138.5  35.07
 147 146 139 141 136   151 142 143 145 147  144 Richmond        14-15   155 136 139 136 150   148 138 137 131 139   153 166 150 168 166  144 Richmond   165 150 116 158 154       160 137     137    71     171 221  147.15 146.5  21.40
 143 140 136 149 147   149 140 140 166 142  145 Fresno St       16-14   145 147 154 135 159   142 127 126 127 138   129 177 153 163 154  145 Fres St    149 144 149 152 134       168 141     126    77     190 248  147.63 144.5  25.07
 140 155 160 159 142   135 146 144 143 153  146 Northwestern LA 21-12   141 139 164 161 139   139 157 153 163 165   126 156 130  99 177  146 NW La      103 170 166 112 139       108         127           223 109  148.38 143.5  24.16
 148 147 154 148 150   140 148 154 138 151  147 Murray St       17-11   140 149 142 154 144   151 154 154 160 160   138 142 141 133 160  147 Murray     122 149 147 138 132       111 124     190           215 127  148.57 148.0  17.97
 151 151 141 146 127   163 137 147 148 133  148 WI Green Bay    17-11   156 126 148 137 168   131 134 133 140 146   133 172 146 146 157  148 WI GB      128 180 189 133 116       128 148     174           124 227  148.83 146.0  21.73
 146 149 148 139 156   131 156 145 149 162  149 South Florida   14-16   148 158 145 148 142   156 144 147 142 132   151 123 170 167 145  149 S Fla      174 124  98 178 208       201 126     142    96     172 145  149.20 147.5  22.39
 152 152 146 156 152   158 149 149 156 149  150 Louisiana Tech  14-15   152 153 162 144 143   149 142 145 144 143   152 152 149 169 161  150 La Tech    155 143 144 161 141       166 138     125    84     228 177  151.33 150.5  19.66

 BOB ROH SEL GRN BIH   BCM COL  BD WLK REN      Rank, Team, Record      HER DOL SAG MAS ARG   WOL WIL DWH TSR RTH   WOB POM RPI ECK ENT    Rank, Team   RIS CNG MOR  DC KLK    AP SAP LYN USA SCR   ACU DES CMV SIM    Mean Median St.Dev

 150 135 147 154 138   148 144 141 137 146  151 TAM C. Christi   20-8   161 129 153 155 126   125 143 138 141 153   144 174 172 135 129  151 TAM CC     136 163 191 176 131       117         299            83 193  153.04 144.0  33.60
 153 148 163 162 157   160 154 160 139 160  152 Princeton       15-13   135 154 152 159 151   150 179 183 179 175   176 153 118 140 153  152 Pr'ton     140 156 164 129 127       113 136     177           137 138  153.47 153.0  17.22
 156 143 166 169 145   157 151 165 153 156  153 Rider           19-11   150 141 157 172 157   152 179 185 186 185   185 170 123 144 152  153 Rider      131 179 177 103  93        96         117           132 101  153.67 154.5  26.28
 155 154 151 144 143   150 153 180 160 152  154 IL Chicago      15-14   154 148 141 167 167   160 168 164 164 158   159 140 155 171 124  154 IL Chi     164 141 134 164 148       156 139     169           126 158  154.93 155.0  12.63
 149 157 138 153 171   146 167 170 167 141  155 Purdue           7-21   153 177 147 150 154   200 134 129 133 126   166 129 179 181 111  155 Purdue     207  86  97 216 288       263 128      86   101     114 242  157.31 151.5  45.30
 154 153 159 158 153   154 152 155 144 170  156 George Mason    16-13   144 152 156 165 140   158 171 172 173 166   181 146 154 160 169  156 G Mason    152 140 138 149 145       138 120     179           237 116  157.51 154.0  20.11
 168 158 162 147 162   147 176 161 154 163  157 Detroit         14-16   164 166 151 158 162   171 166 163 166 155   172 124 176 180 126  157 Detroit    184 138 121 162 160       191         135           117 103  158.81 162.0  19.92
 161 161 161 152 161   155 159 148 158 173  158 Arkansas St     16-13   159 164 155 149 155   155 159 161 159 162   148 167 163 153 168  158 Ark St     154 164 175 143 144       152         161           180 215  162.96 159.0  12.62
 166 167 165 160 160   153 169 159 161 171  159 IUPUI           16-13   162 160 160 164 163   166 168 170 170 168   158 147 168 157 149  159 IUPUI      166 155 160 163 155       159         202           150 156  165.05 161.5   9.34
 158 175 164 168 158   170 147 153 163 150  160 UNC Greensboro  18-12   179 150 192 162 165   144 157 157 167 176   143 201 138 142 204  160 NC Green   125 235 207 131 137       115         201           144 165  165.48 160.0  25.61

 BOB ROH SEL GRN BIH   BCM COL  BD WLK REN      Rank, Team, Record      HER DOL SAG MAS ARG   WOL WIL DWH TSR RTH   WOB POM RPI ECK ENT    Rank, Team   RIS CNG MOR  DC KLK    AP SAP LYN USA SCR   ACU DES CMV SIM    Mean Median St.Dev

 163 159 157 164 151   165 158 166 164 155  161 Wright St       15-15   163 155 150 157 169   169 161 161 162 163   167 178 173 172 140  161 Wright     169 161 181 177 147       173         180           127 218  166.41 163.0  14.66
 159 164 155 157 167   164 166 156 157 161  162 Loy Marymount   11-17   160 171 159 146 164   168 154 156 152 149   173 160 166 178 146  162 L M'mnt    183 153 173 188 219       194         151           107 208  166.67 160.5  19.30
 172 162 190 170 165   176 171 178 155 159  163 Tennessee Tech  18-11   175 163 171 185 166   173 185 184 188 186   163 144 162 162 162  163 TN Tech    150 187 186 132 120       124         150           197  82  166.95 168.0  23.39
 173 165 158 145 163   156 180 152 150 172  164 N Illinois      11-17   180 162 138 143 153   159 159 158 154 152   174 141 184 204 128  164 N Ill      197 135 161 201 211       200         160           123 231  167.76 159.5  24.55
 167 182 156 163 174   167 183 162 190 157  165 San Diego St    11-18   165 174 163 156 175   180 152 150 145 140   162 150 186 182 141  165 SD St      208 132 129 200 253       231 158     133    98     151 243  168.38 163.0  31.14
 169 172 175 176 168   166 160 164 176 166  166 Montana         18-12   170 167 182 174 183   170 168 168 176 177   149 192 158 143 197  166 MT         148 196 178 145 153       137 142     214           184 105  168.61 169.0  19.86
 170 160 167 165 164   172 165 157 169 158  167 Missouri KC     16-12   182 165 178 163 173   177 161 179 168 183   168 161 171 165 179  167 UMKC       162 188 187 160 133       151         167           146 153  169.06 166.0  11.53
 164 173 191 180 175   168 179 173 152 182  168 Sam Houston St  18-12   157 168 173 195 147   165 194 187 194 180   160 164 159 148 174  168 Sam Hou    132 173 195 142 156       142         205           179 134  171.67 173.0  18.48
 157 156 179 175 155   194 161 168 165 179  169 American Univ   16-12   149 156 167 180 174   157 189 194 190 198   191 202 143 150 185  169 American   141 182 220 144 136       114         226           164 192  173.79 171.0  24.22
 165 171 189 179 169   178 173 167 168 189  170 Lamar           18-11   158 161 175 186 160   153 184 176 183 169   150 168 167 122 190  170 Lamar      135 175 222 156 143       144         254           227 131  173.86 169.0  26.18

 BOB ROH SEL GRN BIH   BCM COL  BD WLK REN      Rank, Team, Record      HER DOL SAG MAS ARG   WOL WIL DWH TSR RTH   WOB POM RPI ECK ENT    Rank, Team   RIS CNG MOR  DC KLK    AP SAP LYN USA SCR   ACU DES CMV SIM    Mean Median St.Dev

 162 169 152 155 166   161 168 158 173 154  171 Indiana St      11-20   167 176 161 151 170   175 149 149 146 145   170 158 201 197 150  171 Ind St     214 152 157 217 236       243         116           214 211  174.02 164.0  28.44
 186 183 185 172 188   182 182 181 162 180  172 Ga Southern     18-13   181 180 172 182 158   161 182 179 180 170   157 155 183 159 180  172 Ga So      160 171 172 171 168       161         208           149 102  174.05 175.5  17.27
 177 170 186 192 201   192 163 174 181 168  173 Gardner Webb    18-12   168 210 196 175 188   154 173 172 177 189   178 214 156 164 205  173 G Webb     156 222 231 134 125       125 147     146           145 146  175.18 174.0  25.91
 160 163 153 167 172   171 170 182 175 164  174 Evansville      11-17   171 179 158 160 171   176 152 152 149 147   169 162 218 228 143  174 E'ville    212 146 182 226 216       247 157     171           122 247  176.18 170.0  29.78
 181 180 182 173 179   179 172 175 171 176  175 Appalachian St  18-12   201 170 181 190 161   163 182 179 181 181   161 180 180 173 186  175 App St     158 192 185 174 161       149         236           152  94  176.78 179.0  20.85
 174 168 178 189 173   193 157 177 184 174  176 Portland St      19-9   178 173 187 189 181   172 178 178 182 191   155 207 175 149 212  176 Port St    138 204 190 147 138       131         223           181 149  177.78 178.0  21.11
 171 174 170 166 159   175 164 163 170 167  177 UC Irvine       16-13   184 159 168 166 178   164 166 164 174 167   164 182 185 191 181  177 Irvine     173 183 192 190 150       165         253           207 195  177.97 170.5  18.21
 178 187 174 174 195   159 191 186 189 181  178 St Louis         9-21   173 200 176 183 199   205 171 167 169 157   189 145 181 205 171  178 St Louis   218 139 110 193 272       241 160      98    97     209 179  178.38 180.0  34.03
 185 178 193 194 176   189 162 176 172 177  179 Delaware St     19-13   166 186 210 188 197   162 195 209 211 227   216 199 129 147 230  179 DE St      139 234 210 115 173        90 127     154           218  98  178.83 185.0  36.05
 183 196 173 171 190   162 202 189 191 184  180 Colorado St     11-17   195 192 165 171 172   181 163 158 155 141   171 149 242 211 142  180 Col St     227 130 125 252 231       268 150     195   106     154 239  181.32 177.0  36.42

 BOB ROH SEL GRN BIH   BCM COL  BD WLK REN      Rank, Team, Record      HER DOL SAG MAS ARG   WOL WIL DWH TSR RTH   WOB POM RPI ECK ENT    Rank, Team   RIS CNG MOR  DC KLK    AP SAP LYN USA SCR   ACU DES CMV SIM    Mean Median St.Dev

 184 166 195 195 184   199 177 191 182 186  181 F Dickinson     20-12   169 183 201 201 194   182 204 210 213 211   210 193 169 161 183  181 FDU        163 202 198 140 129       136 133     225           220  84  182.84 186.0  29.53
 176 177 172 177 170   186 175 169 178 178  182 Valparaiso      15-16   198 172 191 168 191   174 173 175 175 178   182 185 189 176 172  182 Valp'o     182 197 200 180 180       184         199           221 171  183.43 178.0  11.34
 180 181 169 190 178   173 174 172 221 169  183 Boise St        16-18   188 184 195 178 207   188 163 164 161 179   177 212 200 198 213  183 Boise St   199 195 159 213 215       221 156     156    91     177 207  183.45 180.5  24.75
 196 191 187 161 180   177 195 184 185 190  184 Loyola-Chicago  13-17   212 181 170 177 196   185 187 186 184 171   188 157 209 203 147  184 LoyChi     215 172 165 209 206       211         159           120 169  184.92 185.0  20.33
 187 186 184 187 183   187 184 194 188 185  185 Fordham         13-16   185 185 184 192 186   191 186 190 187 184   203 189 191 207 191  185 Fordham    201 169 148 199 194       204         148    78     165 246  185.86 187.0  24.60
 191 205 171 178 207   185 213 187 207 188  186 Brigham Young    9-21   196 199 183 170 193   201 163 158 158 144   179 151 216 213 165  186 BYU        234 147 140 240 281       266 163     139   107     156 259  187.59 186.0  37.68
 182 184 176 182 181   183 181 171 201 187  187 Florida Intl    13-17   187 191 185 169 200   179 173 172 171 174   180 206 177 196 198  187 FL Intl    187 198 203 183 193       197         162           178 249  188.16 183.0  15.49
 189 199 180 188 194   180 185 190 183 183  188 Furman          16-13   199 182 200 196 145   178 187 187 192 193   175 196 199 170 194  188 Furman     167 193 197 198 181       190         219           162 189  188.79 189.0  13.17
 192 179 200 191 177   190 188 193 180 197  189 St Peter's      15-13   172 169 177 199 187   190 209 218 217 210   220 183 164 179 176  189 StPeter    176 186 179 167 151       145         229           195 183  189.06 186.5  18.71
 197 176 199 197 189   191 200 214 179 201  190 Manhattan       15-14   174 175 174 200 179   206 209 214 219 201   217 169 187 221 163  190 Manhat     200 158 143 179 170       179 144     217           238 117  189.11 191.0  25.23

 BOB ROH SEL GRN BIH   BCM COL  BD WLK REN      Rank, Team, Record      HER DOL SAG MAS ARG   WOL WIL DWH TSR RTH   WOB POM RPI ECK ENT    Rank, Team   RIS CNG MOR  DC KLK    AP SAP LYN USA SCR   ACU DES CMV SIM    Mean Median St.Dev

 190 194 181 181 196   184 199 179 198 193  191 East Carolina    9-19   210 201 193 173 204   194 173 170 165 164   192 187 194 194 195  191 E Carol    226 178 162 222 275       252 169     108   100     174 262  189.78 192.5  33.22
 194 189 201 199 185   197 193 211 187 198  192 Fairfield       15-15   176 178 179 210 189   197 209 218 218 205   221 188 178 216 178  192 F'field    191 177 169 173 174       167 152     186           208 159  191.19 189.0  17.34
 188 193 183 186 187   181 187 183 195 191  193 New Orleans     13-17   204 190 188 176 192   186 179 179 178 182   184 179 207 199 187  193 N Orl      195 191 171 223 218       206         172           222 166  191.34 187.0  13.58
 179 190 177 196 182   198 178 188 199 175  194 North Texas     14-14   190 188 197 181 190   184 173 168 172 173   165 226 198 174 199  194 N Texas    172 201 208 221 179       198         194           186 292  192.56 188.0  22.77
 175 204 168 202 191   188 186 197 214 165  195 Georgia          8-20   192 207 202 179 209   226 154 176 156 187   187 210 212 220 196  195 GA         225 166 137 246 274       270 164     129   102     143 285  192.85 191.5  39.02
 199 195 192 184 198   169 206 185 192 206  196 Oakland         12-18   211 194 186 184 176   193 189 196 189 190   199 173 192 209 173  196 Oakland    220 184 176 189 246       209 162     163           305 143  194.18 192.0  26.61
 202 185 188 183 192   174 209 198 186 200  197 Butler          13-15   215 195 166 197 177   196 195 193 191 172   196 171 241 230 148  197 Butler     228 154 145 234 195       236 151     224           281 232  197.05 195.0  29.34
 210 210 205 185 203   205 215 195 193 208  198 SE Missouri St  15-14   209 196 180 198 198   195 214 206 206 200   183 175 205 189 182  198 SE MO      194 189 204 186 196       188         196           206 157  197.92 197.0  12.36
 200 206 207 203 206   201 203 216 197 196  199 Binghamton      12-17   177 206 203 216 217   214 222 230 229 222   234 181 188 200 188  199 Bing'ton   203 200 206 210 209       205         170           168  90  202.01 204.0  24.93
 201 200 203 213 221   216 189 196 206 199  200 Georgia St      14-15   193 235 218 191 210   183 189 191 196 208   193 230 160 175 237  200 GA St      171 245 218 166 184       155         203           272 174  202.54 199.5  24.86

 BOB ROH SEL GRN BIH   BCM COL  BD WLK REN      Rank, Team, Record      HER DOL SAG MAS ARG   WOL WIL DWH TSR RTH   WOB POM RPI ECK ENT    Rank, Team   RIS CNG MOR  DC KLK    AP SAP LYN USA SCR   ACU DES CMV SIM    Mean Median St.Dev

 198 214 208 214 202   200 207 199 194 225  201 TX San Antonio  15-13   206 193 205 217 184   202 209 206 209 206   186 204 211 166 211  201 UTSA       170 205 215 202 187       192         235           231 136  202.77 205.0  18.49
 193 207 216 193 186   218 198 227 205 209  202 Tennessee St    14-17   186 189 199 202 208   209 215 210 215 217   190 217 161 186 210  202 Tenn St    190 207 235 168 201       162         193           203 266  203.94 204.0  20.07
 209 192 212 210 193   196 208 222 204 212  203 Iona            15-16   189 187 194 227 206   219 222 226 226 216   237 191 195 218 189  203 Iona       206 185 167 194 175       180         211           249 180  205.55 206.0  18.52
 206 197 218 207 197   203 196 201 196 207  204 Maine           14-15   203 198 215 203 211   204 222 231 232 237   225 209 174 188 215  204 ME         193 230 249 172 177       169         206           170 197  205.86 203.5  19.33
 205 188 211 224 208   213 190 210 177 219  205 S Carolina St   19-12   191 211 212 219 180   192 227 233 239 240   227 197 206 184 226  205 SC St      179 213 217 187 169       141         300           255 122  207.36 210.5  31.77
 215 221 219 200 209   206 224 206 208 213  206 Austin Peay     13-19   214 212 206 208 195   212 215 213 210 204   201 184 215 222 192  206 A Peay     213 199 196 203 224       214         197           194 168  207.93 208.5  11.79
 203 202 224 204 214   210 216 226 174 222  207 Albany NY       13-15   183 209 189 229 185   220 243 251 249 230   249 176 196 217 184  207 Albany     210 174 216 205 199       178         213           196 151  208.38 209.5  23.72
 207 208 198 217 233   195 231 230 227 226  208 Tulsa            9-20   194 236 198 223 203   238 201 200 198 188   218 190 243 260 175  208 Tulsa      251 134 150 262 264       286 155     164   103     233 200  209.23 207.5  37.86
 213 198 225 220 205   228 201 228 213 215  209 Monmouth NJ     16-13   200 204 223 236 223   210 235 233 236 229   241 222 193 201 216  209 Monmouth   186 220 225 159 140       164         175           257 144  210.39 215.5  27.20
 220 212 220 206 200   222 217 212 203 230  210 Samford         15-13   218 197 207 211 202   207 219 216 216 214   195 200 225 214 200  210 Samford    192 210 221 207 166       193         243           200 209  210.55 210.5  13.46

 BOB ROH SEL GRN BIH   BCM COL  BD WLK REN      Rank, Team, Record      HER DOL SAG MAS ARG   WOL WIL DWH TSR RTH   WOB POM RPI ECK ENT    Rank, Team   RIS CNG MOR  DC KLK    AP SAP LYN USA SCR   ACU DES CMV SIM    Mean Median St.Dev

 214 211 217 219 243   214 211 217 219 202  211 Belmont         14-16   207 256 216 215 218   199 202 204 204 212   212 223 204 193 235  211 Belmont    202 238 211 184 190       199         192           270 125  212.10 211.5  23.51
 211 201 222 215 216   225 214 224 210 234  212 Yale            11-16   197 216 217 224 224   217 237 235 233 225   240 198 190 212 228  212 Yale       205 209 209 182 203       203 159     168           245 178  212.43 215.0  19.73
 217 229 223 237 215   229 192 218 200 224  213 Coppin St       14-15   202 227 230 214 212   203 228 243 244 259   228 235 151 177 261  213 Coppin     175 251 239 148 222       139         183           256 142  214.28 222.5  33.10
 212 203 214 225 228   209 194 209 218 203  214 Mercer          16-12   213 244 234 207 216   187 198 198 199 213   194 247 208 195 246  214 Mercer     177 256 233 196 171       170         269           279 219  215.09 210.5  25.61
 195 215 194 233 227   207 212 237 244 194  215 Baylor           9-19   222 225 220 218 215   252 189 191 195 196   215 232 258 242 209  215 Baylor     250 181 193 286 285       291 149     188   104     100 288  215.18 215.0  42.81
 219 218 204 209 211   202 218 205 220 211  216 La Salle        10-19   225 215 204 205 222   224 204 208 200 203   233 215 214 247 206  216 La Salle   249 203 163 227 257       235         176    93     307 272  215.45 214.0  33.15
 223 217 226 218 213   232 197 203 202 217  217 Hampton         17-13   216 221 235 220 213   225 233 264 248 277   246 221 182 185 249  217 Hampton    185 258 224 165 189       133         242           241  93  215.95 220.5  35.89
 221 216 229 208 210   230 220 215 212 223  218 Harvard         12-15   205 205 213 221 227   222 240 248 235 244   231 211 197 190 220  218 Harvard    204 218 237 191 192       196         187           242 154  215.98 217.0  19.52
 222 223 197 201 204   212 225 207 216 192  219 E Michigan      12-18   230 202 190 193 205   208 195 195 193 192   202 194 266 265 167  219 E Mich     273 176 202 291 245       257         232           185 269  216.32 204.5  30.42
 224 226 210 211 212   219 227 223 217 204  220 Santa Barbara   11-18   223 218 208 206 219   215 208 201 207 199   208 208 232 258 208  220 S B'bara   233 206 213 233 240       239         215           157 204  216.43 214.0  16.58

 BOB ROH SEL GRN BIH   BCM COL  BD WLK REN      Rank, Team, Record      HER DOL SAG MAS ARG   WOL WIL DWH TSR RTH   WOB POM RPI ECK ENT    Rank, Team   RIS CNG MOR  DC KLK    AP SAP LYN USA SCR   ACU DES CMV SIM    Mean Median St.Dev

 226 231 215 212 224   204 228 220 211 216  221 Wofford         14-14   237 214 209 228 182   213 217 216 214 215   198 228 228 187 225  221 Wofford    209 223 230 228 213       222         258           147 228  217.16 216.5  18.44
 216 209 221 228 222   208 204 236 209 218  222 Birmingham So   16-14   208 222 221 231 201   218 228 227 237 234   213 218 202 192 241  222 BirmSou    178 233 227 211 159       182         292           240 182  217.56 218.0  23.17
 208 224 206 221 225   221 223 204 223 229  223 Southern Miss   11-17   227 224 227 212 225   227 199 197 197 197   211 224 239 231 219  223 So Miss    247 211 212 261 270       271 170     207   110     175 303  218.57 222.0  31.57
 204 225 196 222 235   211 229 232 233 205  224 Penn St          7-23   221 230 214 204 221   249 199 199 202 195   230 213 227 241 202  224 Penn St    277 168 183 273 302       290 161     138   109     258 296  219.04 221.0  40.46
 231 232 209 205 230   215 242 200 225 214  225 Marshall         6-22   228 233 211 194 228   239 204 202 203 202   232 195 235 266 203  225 Marshall   259 194 188 284 299       276 165     173           191 258  221.95 215.0  30.57
 225 219 239 223 218   226 230 221 222 227  226 Cornell         13-14   220 208 228 235 231   223 249 246 246 256   236 229 210 202 224  226 Cornell    222 237 232 195 200       189         200           136 224  222.08 224.0  21.49
 227 239 202 198 199   234 219 192 228 195  227 C Michigan      10-18   247 203 219 187 250   211 189 189 185 194   200 219 245 248 207  227 C Mich     253 236 250 275 269       260         220           187 271  222.65 219.0  27.55
 218 230 213 227 226   231 226 202 242 228  228 Tulane          10-18   235 226 237 209 240   235 202 203 201 209   219 237 247 243 217  228 Tulane     245 231 205 254 262       274 167     181   105     232 270  222.77 227.5  30.19
 233 222 227 216 217   220 222 213 215 235  229 Utah Val St     16-12   251 213 231 232 214   216 220 221 225 221   204 203 237 183 223  229 UT Val     198 243 234 231 217       202         316           275 130  222.99 221.0  28.03
 232 227 232 239 234   245 210 208 258 220  230 Jacksonville    16-13   238 254 256 213 264   189 204 204 205 232   197 273 217 206 277  230 J'ville    189 304 291 192 176       186         249           198 237  228.61 229.5  31.58

 BOB ROH SEL GRN BIH   BCM COL  BD WLK REN      Rank, Team, Record      HER DOL SAG MAS ARG   WOL WIL DWH TSR RTH   WOB POM RPI ECK ENT    Rank, Team   RIS CNG MOR  DC KLK    AP SAP LYN USA SCR   ACU DES CMV SIM    Mean Median St.Dev

 237 236 233 232 232   236 233 234 232 232  231 Montana St      14-14   248 231 240 242 235   233 220 221 221 219   207 233 262 215 240  231 Mont St    232 225 214 230 191       245         264           182 185  229.03 232.0  17.83
 228 220 230 243 241   235 205 219 240 221  232 Lipscomb        16-12   229 257 254 225 239   198 209 210 208 231   206 275 220 208 270  232 Lipscomb   188 288 269 212 188       183         282           202 251  229.43 226.5  27.37
 242 234 238 234 242   227 235 229 235 239  233 Weber St        14-16   232 238 233 238 230   230 228 223 228 226   205 244 223 223 242  233 Weber St   216 240 226 214 212       217         257           210 222  230.22 230.0  11.08
 243 257 237 230 249   223 250 231 237 242  234 S Alabama       10-18   252 249 229 222 248   236 218 214 212 207   209 227 248 246 236  234 SAla       268 217 201 263 279       262         166           183 253  233.92 236.5  23.93
 230 235 231 248 240   233 236 251 238 233  235 Delaware        11-20   219 239 222 244 229   246 237 235 238 235   255 239 231 254 227  235 DE         267 212 194 249 258       248         182           234 250  236.10 236.5  16.69
 240 238 228 226 237   217 249 235 224 246  236 W Illinois      11-17   254 234 224 234 226   241 228 227 223 218   235 205 275 249 214  236 W Ill      274 208 228 274 248       275         234           225 236  236.40 234.0  18.14
 235 233 241 241 231   239 238 238 231 238  237 Brown           12-16   231 223 225 241 233   234 249 248 247 251   252 243 229 253 232  237 Brown      244 232 229 237 228       215         237           243 212  236.49 237.0   9.63
 229 213 245 251 220   253 221 241 230 247  238 St Francis PA   15-13   217 217 245 243 242   221 251 253 253 262   254 265 203 219 273  238 St Fran    196 259 281 197 162       176         280           297 264  237.80 244.0  29.87
 238 246 236 235 219   240 240 242 234 236  239 E Illinois      12-16   258 219 239 230 237   229 228 223 222 224   214 231 268 250 229  239 E Ill      236 244 243 264 232       249         272           219 252  237.81 236.0  14.06
 241 256 244 242 239   252 232 244 252 210  240 Liberty         13-15   249 243 265 248 269   237 241 240 252 261   226 253 222 227 267  240 Liberty    221 289 257 215 202       212         231           201 198  239.45 241.5  21.04

 BOB ROH SEL GRN BIH   BCM COL  BD WLK REN      Rank, Team, Record      HER DOL SAG MAS ARG   WOL WIL DWH TSR RTH   WOB POM RPI ECK ENT    Rank, Team   RIS CNG MOR  DC KLK    AP SAP LYN USA SCR   ACU DES CMV SIM    Mean Median St.Dev

 234 228 251 240 238   238 246 248 226 253  241 Lehigh          14-15   224 228 226 254 232   245 260 261 259 258   264 225 240 229 234  241 Lehigh     237 226 238 225 225       219         270           262 202  239.69 238.0  15.63
 244 241 250 245 244   237 258 233 229 262  242 McNeese St      13-15   245 232 241 252 220   232 251 245 250 238   223 238 246 210 239  242 McNeese    223 252 256 239 234       233         248           236 226  239.85 240.0  11.51
 239 242 234 229 236   224 245 240 245 231  243 Long Beach St   10-20   246 241 238 233 257   254 222 220 224 220   238 234 265 267 222  243 L Bch St   275 221 219 270 254       279         222           213 255  239.95 238.0  17.55
 245 248 235 238 223   244 239 225 243 243  244 S Utah          13-15   268 220 242 226 246   228 222 225 220 228   224 255 254 236 251  244 S Utah     241 260 268 245 229       242         278           229 294  241.66 241.5  17.29
 236 245 247 246 229   241 237 245 239 237  245 Stony Brook     12-17   226 229 246 247 258   243 253 256 254 263   267 251 234 232 244  245 S Brook    243 248 264 253 233       230         245           173 261  242.79 245.0  16.33
 249 254 248 244 265   251 247 239 249 244  246 Troy            12-18   234 273 253 240 245   231 233 229 230 236       248 219 240 256  246 Troy       242 275 242 219 237       223         216           274 201  244.53 242.0  16.57
 253 250 253 250 279   259 254 247 248 260  247 FL Atlantic     10-17   239 286 252 246 244   240 246 242 240 241   256 242 230 264 248  247 FL Atl     239 263 251 224 247       227         209           284 175  246.58 247.5  20.00
 248 240 240 236 246   242 253 243 236 251  248 Chicago St       9-19   262 252 232 237 243   247 237 235 231 233   250 236 255 270 221  248 Chi St     263 239 240 251 261       264         210           327 268  246.96 243.0  19.23
 257 237 267 279 269   265 243 264 247 249  249 Alabama A&M     18-13   243 280 287 283 267   253 263 264 275 274   253 268 226 225 279  249 AL A&M     211 284 279 204 198       187 154     230           269 123  247.00 263.0  37.57
 260 251 266 247 250   246 255 246 260 269  250 Wagner          13-17   241 246 243 256 263   255 270 271 272 273   286 240 221 238 260  250 Wagner     252 262 245 206 205       210         240           265 132  247.02 251.5  27.69

 BOB ROH SEL GRN BIH   BCM COL  BD WLK REN      Rank, Team, Record      HER DOL SAG MAS ARG   WOL WIL DWH TSR RTH   WOB POM RPI ECK ENT    Rank, Team   RIS CNG MOR  DC KLK    AP SAP LYN USA SCR   ACU DES CMV SIM    Mean Median St.Dev

 263 258 242 231 247   250 267 250 251 255  251 Cleveland St     9-17   266 245 236 239 247   242 241 232 234 223   239 216 274 277 201  251 ClevSt     262 215 241 271 278       281         204           276 283  247.98 247.0  21.62
 246 243 254 255 245   263 244 255 246 248  252 Robert Morris   14-15   236 247 269 259 249   256 260 261 262 266   273 266 224 233 255  252 R Morris   235 264 267 220 214       208         256           263 238  249.24 254.5  16.02
 247 249 259 249 256   249 257 253 250 256  253 Colgate         12-16   233 248 249 261 254   259 267 269 263 265   248 258 238 224 247  253 Colgate    248 249 273 238 255       232         246           277 216  250.98 249.5  12.97
 252 261 243 253 263   248 259 259 270 245  254 Duquesne         8-22   269 262 251 250 259   276 243 241 245 243   274 257 259 282 243  254 Duquesne   293 228 199 281 293       282         185    99     295 280  252.31 259.0  35.42
 250 262 246 252 248   243 248 258 256 241  255 UC Davis        11-17   261 260 259 251 255   257 243 238 243 239   242 252 251 261 250  255 UC Davis   257 257 258 260 256       254         301           217 279  252.79 253.0  13.32
 251 264 252 254 253   254 241 265 278 240  256 Charleston So   13-17   255 259 264 268 284   268 257 258 269 275   244 274 233 256 282  256 Chas Sou   229 283 280 235 207       226         268           161 229  253.11 256.5  24.60
 262 267 260 265 251   247 270 249 241 273  257 Texas St        14-14   277 237 268 260 236   244 257 254 256 249   222 267 269 226 266  257 Texas St   224 266 270 259 241       234         289           299 276  256.37 259.5  17.82
 259 247 255 264 252   258 261 272 255 265  258 Marist          11-17   242 242 248 264 253   272 260 266 260 253   280 250 260 289 233  258 Marist     271 227 252 256 239       253         247           251 278  256.46 255.5  13.09
 270 278 256 257 262   255 262 252 277 252  259 CS Sacramento   12-16   284 263 270 255 271   262 246 243 242 248   243 284 277 239 274  259 CS Sac     265 274 246 258 238       273         261           224 245  258.51 259.5  14.61
 256 253 269 262 277   261 271 289 254 263  260 High Point      13-18   244 283 244 287 238   285 284 284 287 270   270 220 279 286 218  260 H Point    284 224 255 269 243       261         287           193 167  258.91 266.0  28.57

 BOB ROH SEL GRN BIH   BCM COL  BD WLK REN      Rank, Team, Record      HER DOL SAG MAS ARG   WOL WIL DWH TSR RTH   WOB POM RPI ECK ENT    Rank, Team   RIS CNG MOR  DC KLK    AP SAP LYN USA SCR   ACU DES CMV SIM    Mean Median St.Dev

 265 259 275 273 254   262 252 262 272 264  261 Long Island     14-15   257 251 281 266 281   261 276 279 274 283   284 276 236 237 278  261 LIU        246 286 283 218 197       220         266           260 203  259.39 264.5  22.91
 264 244 274 267 264   257 265 269 261 283  262 Central Conn    12-16   240 261 261 274 265   271 279 281 277 268   288 241 253 268 262  262 C Conn     256 241 253 248 230       240         296           267 190  259.98 264.0  19.42
 255 275 263 271 257   266 273 256 259 272  263 TX Arlington    13-15   272 240 266 257 251   250 255 251 255 250   229 264 272 234 271  263 TX Arl     231 261 272 268 260       256         285           301 263  260.06 260.5  14.61
 261 270 257 269 273   268 263 274 262 257  264 UNC Asheville   11-17   260 269 263 269 261   273 263 261 273 264   247 261 252 262 254  264 NC Ashe    254 269 275 255 266       259         252           205 240  260.10 262.0  12.71
 266 252 277 260 260   273 268 263 257 279  265 St Francis NY   13-15   250 250 255 270 260   260 280 283 278 272   289 245 261 269 263  265 StFranNY   264 254 265 242 221       229         307           266 191  260.59 263.0  20.39
 258 263 264 285 261   280 234 260 271 275  266 Florida A&M     14-15   253 266 288 253 270   251 270 291 284 302   285 297 213 235 305  266 Fla A&M    219 310 296 208 210       177         276           261 223  261.06 265.0  31.40
 267 282 249 275 270   278 274 261 292 254  267 San Jose St      6-23   276 267 273 245 286   287 235 238 227 245   263 288 281 296 281  267 SJ St      291 242 261 300 301       301 168     184   111     320 315  262.94 273.5  41.04
 254 255 261 256 255   277 256 266 253 259  268 Columbia        12-15   255 253 258 263 266   258 284 273 268 271   278 259 282 283 252  268 Columbia   258 247 274 288 235       244         286           246 287  262.98 259.0  13.67
 269 273 273 261 259   270 269 257 274 266  269 Dartmouth       10-17   262 258 272 258 289   263 270 272 267 281   275 285 257 244 276  269 Dartm'th   261 272 282 244 249       258         191           283 291  264.98 269.0  17.53
 275 265 270 263 258   271 278 276 279 261  270 Canisius        11-18   271 255 262 276 275   293 270 284 271 276   291 269 283 288 238  270 Canisius   287 253 248 272 252       265         239           248 186  265.46 270.5  19.83

 BOB ROH SEL GRN BIH   BCM COL  BD WLK REN      Rank, Team, Record      HER DOL SAG MAS ARG   WOL WIL DWH TSR RTH   WOB POM RPI ECK ENT    Rank, Team   RIS CNG MOR  DC KLK    AP SAP LYN USA SCR   ACU DES CMV SIM    Mean Median St.Dev

 274 276 265 266 278   282 272 254 275 276  271 Stetson         10-17   281 287 276 249 276   248 248 246 241 255   258 286 256 278 272  271 Stetson    266 290 292 243 259       251         255           293 241  265.88 269.0  15.70
 286 288 271 259 286   256 288 267 269 277  272 E Tennessee St  10-19   287 275 271 279 241   277 266 260 257 254   266 246 293 279 259  272 ETSU       281 265 223 289 291       294         263           192 225  266.29 270.0  22.21
 282 281 268 274 285   260 294 280 286 271  273 Rhode Island     6-22   291 281 257 272 283   294 257 259 264 252   290 256 301 306 253  273 RI         307 214 180 303 300       305 166     212   108     312 304  266.37 280.5  43.30
 279 269 272 272 281   264 286 281 264 284  274 N Arizona       11-17   262 276 250 281 252   281 267 267 261 246   257 249 294 275 231  274 N Ariz     285 219 236 290 268       292         302           252 273  267.44 270.5  18.62
 273 274 258 268 266   276 280 273 276 258  275 Cal Riverside    9-19   283 268 260 262 273   274 253 248 251 242   269 278 295 302 245  275 CA Rside   289 246 260 299 276       296         273           253 284  269.21 273.0  15.78
 276 260 283 290 293   292 275 282 267 287  276 MS Valley St    13-15   258 291 290 289 268   269 276 276 293 278   272 263 249 263 291  276 MV St      240 276 276 229 223       228         290           311 188  269.55 276.0  24.99
 288 266 288 298 287   290 260 286 280 250  277 Grambling       14-12   280 299 304 297 298   266 276 276 294 289   251 296 244 245 307  277 Gramb      217 320 306 236 182       216         279           285 173  270.59 282.5  34.55
 283 268 276 258 282   275 291 285 273 286  278 Idaho            8-22   279 277 247 267 278   283 270 267 265 247   282 254 289 304 264  278 ID         300 229 244 280 294       297         228           235 281  270.86 276.5  19.50
 277 272 278 281 271   288 264 268 266 285  279 Norfolk St      13-14   273 274 279 271 256   264 284 296 296 297   296 279 270 274 293  279 Norfolk    270 271 287 247 244       218         297           287 194  271.71 274.0  21.70
 268 271 281 297 284   295 251 283 287 267  280 Alabama St      15-15   265 294 302 291 297   270 267 270 283 286   262 305 250 259 303  280 AL St      230 309 314 232 220       224         277           271 233  272.53 274.0  25.08

 BOB ROH SEL GRN BIH   BCM COL  BD WLK REN      Rank, Team, Record      HER DOL SAG MAS ARG   WOL WIL DWH TSR RTH   WOB POM RPI ECK ENT    Rank, Team   RIS CNG MOR  DC KLK    AP SAP LYN USA SCR   ACU DES CMV SIM    Mean Median St.Dev

 272 283 282 276 276   274 284 277 268 280  281 New Hampshire    9-19   270 270 267 273 277   298 295 304 286 300   297 260 264 272 258  281 NH         283 268 277 287 282       269         241           199 254  273.23 276.0  18.87
 271 280 262 283 267   285 277 270 265 274  282 TX Pan American 12-16   289 264 283 275 262   265 256 255 258 260   245 281 288 252 288  282 TX PanAm   260 278 298 283 267       283         309           309 300  273.76 274.5  15.75
 285 285 279 280 292   267 290 287 285 291  283 E Washington     8-20   278 288 274 280 274   291 275 273 270 269   281 272 273 285 257  283 E Wash     280 250 247 266 297       289         265           226 275  274.74 278.5  14.56
 290 289 294 286 280   272 293 279 263 293  284 SF Austin       12-15   282 279 280 294 234   275 284 275 282 267   259 262 291 255 268  284 SF Aust    238 267 263 277 277       267         303           292 267  274.84 278.0  15.54
 284 279 285 287 272   289 266 271 282 278  285 Morgan St       14-16   286 282 286 277 280   267 280 293 290 299   292 295 271 273 300  285 Morgan     282 294 295 241 227       225         291           264 210  275.25 282.0  21.24
 281 277 284 277 268   269 279 275 283 268  286 MD Baltimore Co 11-18   285 271 275 278 285   288 284 293 285 294   287 280 287 276 265  286 UMBC       288 280 286 298 273       272         275           313 244  279.02 280.0  11.54
 291 293 289 270 291   279 295 284 293 294  287 Elon             8-23   293 285 278 288 288   290 284 284 281 282   279 290 276 300 284  287 Elon       295 270 259 276 296       288         233           212 290  280.66 286.5  17.52
 289 287 287 282 283   283 282 291 281 282  288 Radford         12-16   290 284 282 290 279   284 291 291 291 288   277 283 278 280 292  288 Radford    278 291 297 279 263       255         298           244 256  280.83 283.0  11.74
 280 286 291 278 274   293 287 278 284 296  289 Lafayette        9-19   267 265 284 284 290   282 298 295 292 290   293 289 267 257 275  289 Lafay'te   276 282 304 282 290       277         251           286 282  281.27 284.0  11.50
 287 290 292 301 296   298 276 293 290 289  290 Jackson St      15-17   274 301 305 299 295   279 283 289 297 292   265 299 263 251 306  290 Jackson    255 314 313 250 271       238         293           278 199  281.72 290.0  23.57

 BOB ROH SEL GRN BIH   BCM COL  BD WLK REN      Rank, Team, Record      HER DOL SAG MAS ARG   WOL WIL DWH TSR RTH   WOB POM RPI ECK ENT    Rank, Team   RIS CNG MOR  DC KLK    AP SAP LYN USA SCR   ACU DES CMV SIM    Mean Median St.Dev

 278 291 280 292 294   281 281 300 295 270  291 William & Mary   8-21   275 293 289 286 293   300 280 287 289 287   299 291 285 287 285  291 Wm&Mary    290 273 254 310 295       293         238           239 274  282.69 287.0  15.48
 294 294 286 291 302   284 298 290 296 298  292 New Mexico St    6-24   292 296 285 265 294   297 263 257 266 257   271 270 292 293 269  292 N Mex St   301 255 262 319 318       300         227           304 308  283.82 292.0  20.14
 293 299 295 288 275   286 289 292 289 290  293 Morehead St     11-16   300 272 293 282 296   289 291 276 276 279   261 277 290 281 294  293 Morehead   272 303 278 285 287       278         288           280 289  284.40 288.0   9.22
 292 292 293 284 295   294 296 297 291 288  294 Coastal Car     10-19   288 290 277 292 287   292 291 287 295 285   276 271 286 291 280  294 CoastCar   292 281 290 265 292       287         267           282 260  284.76 289.0   9.20
 296 284 296 305 300   296 285 296 294 292  295 Southern Univ   14-15   294 307 308 300 292   278 291 289 300 296   260 306 280 290 304  295 Southern   269 312 309 257 226       250         283           273 213  284.90 293.0  22.61
 297 300 290 289 290   299 292 288 288 281  296 Citadel         12-16   302 278 291 296 272   286 284 281 279 284   268 307 296 284 298  296 Citadel    279 300 315 296 284       284         312           167 313  286.06 289.5  24.01
 295 297 297 304 289   304 283 294 298 295  297 Bethune-Cookman 13-17   297 292 300 285 299   280 298 301 302 311   301 313 284 292 311  297 B Cook     294 313 317 267 265       246         313           259 293  292.21 297.0  15.86
 303 301 300 296 303   291 305 299 297 303  298 IUPU Ft Wayne    7-22   306 300 298 295 303   295 295 280 288 280   283 282 307 299 290  298 IUPU FW    304 287 271 294 304       310         318           289 286  294.30 297.5   9.92
 298 303 299 293 288   303 297 295 302 297  299 Hartford         8-20   299 289 297 293 310   296 300 300 298 303   306 300 300 297 289  299 Hartford   297 307 319 313 289       298         274           247 299  295.22 298.0  11.82
 301 305 298 299 305   300 306 301 300 299  300 W Carolina       8-22   307 304 301 305 282   302 302 298 301 295   294 304 309 301 287  300 W Carol    306 293 284 312 308       311         284           211 312  296.13 301.0  17.13

 BOB ROH SEL GRN BIH   BCM COL  BD WLK REN      Rank, Team, Record      HER DOL SAG MAS ARG   WOL WIL DWH TSR RTH   WOB POM RPI ECK ENT    Rank, Team   RIS CNG MOR  DC KLK    AP SAP LYN USA SCR   ACU DES CMV SIM    Mean Median St.Dev

 306 302 304 300 301   297 307 306 309 306  301 Siena            6-24   298 297 294 304 308   304 304 307 304 301   312 294 297 309 283  301 Siena      313 279 266 307 307       299         260           254 297  296.40 303.0  14.06
 308 307 301 295 297   310 303 298 304 301  302 Idaho St         9-18   308 302 299 298 302   307 297 299 280 291   295 301 310 298 296  302 Idaho St   303 296 305 301 286       309         317           230 309  297.16 301.0  14.14
 299 295 305 294 299   287 302 305 305 304  303 Navy             9-19   295 298 292 313 304   306 312 312 312 313   307 292 304 295 286  303 Navy       298 285 288 295 283       295         295           322 265  297.17 298.5  11.00
 304 296 308 303 298   305 301 303 301 309  304 Quinnipiac      10-17   301 295 296 306 301   301 310 311 307 307   311 303 299 305 302  304 Qu'piac    296 302 307 292 280       285         315           291 298  299.61 302.0   7.35
 307 298 309 313 308   309 299 302 306 302  305 TX Southern     11-15   303 315 315 311 305   299 304 305 309 310   300 316 303 294 318  305 TX Sou     286 317 316 278 250       280         308           318 257  300.22 305.5  15.73
 309 308 306 306 306   311 309 308 312 308  306 Cal Poly SLO     5-22   309 309 312 301 314   305 301 297 299 298   304 315 308 314 314  306 CP SLO     311 301 303 308 317       316         262           250 317  303.00 308.0  13.61
 302 304 302 312 304   312 300 309 311 300  307 James Madison    6-22   304 303 311 303 313   310 303 302 306 305   310 308 305 312 319  307 J Mad      308 299 299 323 305       302         259           302 307  303.17 305.0   9.83
 300 306 303 316 313   308 304 310 299 314  308 N Colorado       8-21   305 310 310 310 291   312 311 313 314 308   305 311 298 271 310  308 N Colo     299 298 311 293 321       304         305           296 302  303.39 307.0   9.13
 305 309 307 310 311   313 308 315 307 305  309 Towson           5-24   296 312 295 307 307   313 307 310 311 309   314 302 302 310 299  309 Towson     312 277 285 327 313       306         250           317 314  303.52 308.5  13.29
 310 316 313 308 310   302 313 307 303 310  310 LA Monroe        8-19   314 305 313 308 300   303 307 303 305 293   298 293 317 303 295  310 LA Mon     302 295 301 315 312       314         325           303 277  303.74 306.0   8.97

 BOB ROH SEL GRN BIH   BCM COL  BD WLK REN      Rank, Team, Record      HER DOL SAG MAS ARG   WOL WIL DWH TSR RTH   WOB POM RPI ECK ENT    Rank, Team   RIS CNG MOR  DC KLK    AP SAP LYN USA SCR   ACU DES CMV SIM    Mean Median St.Dev

 311 315 311 302 309   306 311 304 310 307  311 TN Martin        6-21   315 308 307 302 309   308 306 308 303 312   302 298 306 307 297  311 TN Mart    309 308 302 297 316       303         294           288 311  303.97 307.0   6.13
 314 312 316 307 316   301 318 312 308 316  312 Jacksonville St  7-22   311 316 303 309 306   311 312 309 310 304   303 287 318 308 301  312 Jack St    314 292 289 320 315       318         306           290 305  306.15 309.5   8.63
 315 318 315 318 318   320 316 322 322 313  313 St Bonaventure   2-26   319 318 318 317 323   325 317 317 318 318   321 320 313 322 313  313 St Bon     324 311 293 328 326       323         244   112     315 324  308.63 318.0  37.16
 313 310 314 314 307   315 312 314 317 311  314 Loyola MD        6-22   310 306 306 315 316   316 312 315 313 314   315 314 315 318 308  314 Loy MD     317 297 300 305 303       315         281           328 306  308.86 313.5   7.84
 312 311 310 309 312   307 310 311 313 315  315 VMI              9-18   316 311 309 314 312   309 312 313 315 315   308 310 316 313 312  315 VMI        305 321 312 316 298       307         326           321 295  309.56 312.0   5.71
 318 317 312 311 314   314 315 313 314 312  316 Youngstown St    5-23   320 313 316 312 318   315 307 306 308 306   309 309 321 315 315  316 Young St   320 306 294 321 322       324         271           330 318  310.67 314.0   9.86
 316 313 317 315 315   316 317 316 315 317  317 Mt St Mary's     7-20   313 314 314 318 315   314 318 319 316 316   319 312 314 321 309  317 MtStMary   315 305 308 304 306       308         321           323 310  312.21 315.0   4.51
 317 314 318 320 317   319 314 320 318 319  318 NC A&T           6-24   312 321 321 319 317   319 318 322 319 322   323 322 312 317 321  318 NC A&T     322 318 321 306 310       313         310           298 316  314.65 318.0   5.24
 320 322 319 317 319   318 320 318 320 320  319 Centenary        3-24   323 317 320 316 320   322 316 316 317 317   316 317 324 320 316  319 C'tenary   318 316 310 329 324       326         304           306 327  316.17 318.5   5.07
 319 320 320 321 321   317 321 319 316 321  320 Nicholls St      6-21   317 319 319 321 311   321 318 319 320 319   313 319 326 311 320  320 Nich St    310 319 320 322 323       325         324           308 322  316.54 319.5   4.11

 BOB ROH SEL GRN BIH   BCM COL  BD WLK REN      Rank, Team, Record      HER DOL SAG MAS ARG   WOL WIL DWH TSR RTH   WOB POM RPI ECK ENT    Rank, Team   RIS CNG MOR  DC KLK    AP SAP LYN USA SCR   ACU DES CMV SIM    Mean Median St.Dev

 322 321 322 322 323   323 319 317 319 324  321 Ark Pine Bluff   7-21   321 322 325 322 319   317 323 323 323 321   317 321 311 316 323  321 Ark PB     316 325 325 311 309       312         314           319 301  316.70 321.0   5.35
 321 319 323 319 320   321 326 324 321 325  322 Sacred Ht        4-23   318 320 317 323 321   323 325 325 325 323   324 318 325 326 317  322 Sac Ht     325 315 318 317 319       321         323           325 319  319.05 321.0   3.12
 323 324 321 323 326   322 324 325 324 318  323 Campbell         2-25   322 326 323 320 325   324 318 318 322 320   322 324 320 327 322  323 Campbell   319 323 322 324 325       322         322           294 326  319.35 322.5   5.45
 325 325 324 324 322   325 322 321 325 323  324 Alcorn St        7-22   325 323 326 324 324   318 322 321 321 324   318 327 323 319 327  324 Alcorn     323 327 327 309 314       320         320           316 321  319.74 323.0   3.91
 326 326 325 325 324   326 323 323 326 322  325 Prairie View     5-23   326 325 327 326 326   320 323 324 324 325   320 326 319 323 326  325 Pr View    321 328 328 314 311       319         319           314 325  320.61 324.5   4.07
 324 323 326 326 325   324 325 326 323 326  326 Howard           5-23   324 324 322 325 322   326 326 326 326 326   325 325 322 329 325  326 Howard     327 324 326 325 320       317         330           300 328  321.53 325.0   4.89
 327 328 327 327 327   327 327 327 327 327  327 Army             3-24   327 327 324 329 327   328 328 327 328 327   326 323 327 325 324  327 Army       326 322 324 330 328       328         311           326 323  323.48 327.0   3.19
 328 327 328 328 329   328 328 329 328 330  328 Longwood         1-30   328 329 328 330 328   329 330 329 329 328   329 328 329 328 328  328 Longwood   328 326 323 318 329       329         328           324 320  324.95 328.0   2.62
 330 330 330 329 328   329 329 328 329 328  329 MD E Shore       2-26   330 328 329 327 329   327 327 327 327 329   327 329 330 330 330  329 MD E Sh    329 330 330 326 327       327         329           310 330  325.42 329.0   3.42
 329 329 329 330 330   330 330 330 330 329  330 Savannah St      0-28   329 330 330 328 330   330 329 330 330 330   328 330 328 324 329  330 Savannah   330 329 329 302 330       330         327           329 329  325.75 329.5   4.82
