1 0.75326161593 10.4463492181
1 0.671875 10.2465591287
1 0.75326161593 10.4463825046
1 0.671875 10.2467718553
1 0.75326161593 10.4463566448
1 0.671875 10.2467430649
1 0.75326161593 10.4463673023
1 0.671875 10.2467082987
1 0.75326161593 10.4463476876
1 0.671875 10.2466361594
2 0.752803845274 11.4032787136
2 0.703125 11.5381815637
2 0.752803845274 11.403259406
2 0.703125 11.5384972215
2 0.752803845274 11.4032323505
2 0.703125 11.5384529348
2 0.752803845274 11.4032714691
2 0.703125 11.5381425343
2 0.752803845274 11.4032451649
2 0.703125 11.5383635243
3 0.758983749142 11.4764213511
3 0.671875 12.9686981287
3 0.763332570382 11.5646435918
3 0.65625 13.7194238918
3 0.764019226368 11.4493192406
3 0.640625 15.999784303
3 0.766079194324 11.5369336566
3 0.65625 14.3562608752
3 0.757839322499 11.5045293548
3 0.6875 13.3120825833
4 0.77843900206 11.3047533413
4 0.65625 13.9783054888
4 0.777294575418 11.2597518339
4 0.578125 19.0808337968
4 0.773403524834 11.3787551173
4 0.625 14.1437441437
4 0.773632410163 11.4572261177
4 0.578125 15.7363628729
4 0.76951247425 11.4344334763
4 0.71875 13.8846456029
5 0.786221103227 11.0533627245
5 0.703125 16.5156591333
5 0.786907759213 11.1279378294
5 0.796875 15.836810622
5 0.782787823301 11.2046655602
5 0.765625 16.4253660073
5 0.794003204395 11.1805790836
5 0.703125 19.1505080043
5 0.784618905928 11.0505977376
5 0.625 17.8294009304
6 0.801556420233 10.8426504242
6 0.625 18.6657739889
6 0.802929732204 10.9204742519
6 0.671875 18.889801105
6 0.80064087892 10.8659967929
6 0.609375 16.6636891878
6 0.801556420233 10.8089734347
6 0.71875 13.9769735334
6 0.797207598993 10.7986871369
6 0.609375 17.6908358413
7 0.801327534905 10.6066533841
7 0.640625 18.0741889349
7 0.809109636072 10.59439044
7 0.6875 18.223131228
7 0.812314030671 10.5439573986
7 0.65625 16.9196153295
7 0.812314030671 10.5287810401
7 0.59375 19.6294509803
7 0.80796520943 10.5200832433
7 0.640625 18.7809048515
8 0.812542915999 10.3470658313
8 0.671875 15.764997675
8 0.814145113298 10.3220533856
8 0.5 22.7989158403
8 0.815976195926 10.2810848724
8 0.65625 17.2218661038
8 0.821927214466 10.2401489293
8 0.5 18.0634068011
8 0.813229571984 10.3471981382
8 0.625 20.5184672618
9 0.820325017166 10.0482426886
9 0.5625 15.451054406
9 0.81826504921 10.1378516719
9 0.65625 17.8008561847
9 0.826276035706 9.96478289017
9 0.671875 23.1993886727
9 0.816433966583 10.1425563634
9 0.546875 18.4636758774
9 0.823300526436 10.0053733327
9 0.640625 20.0258808223
1 0.742953020134 10.4477277599
1 0.703125 9.34812867866
1 0.742953020134 10.4477141681
1 0.703125 9.3481010679
1 0.742953020134 10.4477307577
1 0.703125 9.34823575049
1 0.742953020134 10.4477445236
1 0.703125 9.3481042
1 0.742953020134 10.4477208503
1 0.703125 9.34810740744
2 0.740939597315 11.3937507316
2 0.71875 11.0882806294
2 0.740939597315 11.3937210906
2 0.71875 11.0884087704
2 0.740939597315 11.3937431431
2 0.71875 11.0885134038
2 0.740939597315 11.393714226
2 0.71875 11.0883877058
2 0.740939597315 11.3937098775
2 0.71875 11.0882626829
3 0.760402684564 11.3933898582
3 0.71875 13.4827329282
3 0.753467561521 11.4418811007
3 0.671875 13.0895786079
3 0.756823266219 11.4617680454
3 0.6875 14.8681631513
3 0.763310961969 11.4245632679
3 0.703125 14.7583564299
3 0.752796420582 11.5527848305
3 0.71875 15.1989211093
4 0.765100671141 11.3800664263
4 0.640625 15.6612326877
4 0.768680089485 11.3783919198
4 0.59375 17.2933077438
4 0.767785234899 11.3046955748
4 0.71875 16.0170123709
4 0.773378076063 11.3270881183
4 0.625 16.608716573
4 0.770917225951 11.2794205358
4 0.65625 13.7755709093
5 0.781208053691 11.0894125209
5 0.625 15.8780991422
5 0.78322147651 11.0284808059
5 0.59375 16.2522621072
5 0.784563758389 11.1756408345
5 0.703125 19.8354720048
5 0.783445190157 10.9896758269
5 0.671875 18.0438512949
5 0.779642058166 11.0618874882
5 0.53125 19.7451464024
6 0.798434004474 10.7091790992
6 0.6875 22.5706067868
6 0.801565995526 10.7347168737
6 0.65625 18.7856996774
6 0.8 10.7930046106
6 0.609375 18.4979135686
6 0.797762863535 10.7247182494
6 0.65625 16.6059504158
6 0.797539149888 10.7261558599
6 0.65625 18.5816178753
7 0.813199105145 10.427137507
7 0.640625 18.0888926806
7 0.811856823266 10.4905148034
7 0.625 18.80207874
7 0.811409395973 10.4387908525
7 0.640625 20.343893659
7 0.800223713647 10.4774999379
7 0.59375 17.968522696
7 0.810067114094 10.4731819601
7 0.671875 17.3451621205
8 0.815436241611 10.248119173
8 0.65625 18.4367781654
8 0.817897091723 10.1673756837
8 0.625 22.6898467817
8 0.814317673378 10.0558553465
8 0.5625 19.0301816625
8 0.821029082774 10.261202
8 0.59375 18.3176950421
8 0.814988814318 10.2432849497
8 0.703125 17.475387294
9 0.829753914989 10.0450619231
9 0.65625 18.9877014782
9 0.829530201342 10.0126962528
9 0.640625 18.767020314
9 0.822371364653 9.99991202698
9 0.6875 21.4771999247
9 0.826621923937 9.92045940272
9 0.609375 20.0290213285
9 0.827964205817 9.91622858199
9 0.625 18.5454182406
1 0.75153643547 10.4866303152
1 0.75 9.47095911014
1 0.75153643547 10.4866335737
1 0.75 9.47105309121
1 0.75153643547 10.4866302621
1 0.75 9.47090993078
1 0.75153643547 10.4866238181
1 0.75 9.47104748243
1 0.75153643547 10.4866271163
1 0.75 9.47110515577
2 0.75153643547 11.2745318478
2 0.734375 9.89195053621
2 0.75153643547 11.2745272537
2 0.734375 9.89200921388
2 0.75153643547 11.2745193999
2 0.734375 9.89221255503
2 0.75153643547 11.274533981
2 0.734375 9.89210337144
2 0.75153643547 11.2745514202
2 0.734375 9.89197095271
3 0.760755048288 11.2949136751
3 0.625 12.9736513925
3 0.766900790167 11.2932795478
3 0.6875 13.3981597502
3 0.762949956102 11.3581560937
3 0.703125 11.5338464802
3 0.762949956102 11.2806347758
3 0.625 13.781095105
3 0.767998244074 11.2578086392
3 0.78125 11.6319187341
4 0.780728709394 11.2176751979
4 0.671875 15.7567489304
4 0.782484635645 11.0736304095
4 0.65625 15.1736066377
4 0.780289727831 11.1679304074
4 0.65625 14.1380387562
4 0.781167690957 11.0948315947
4 0.65625 14.1793898401
4 0.777875329236 11.0719383668
4 0.6875 15.9873626759
5 0.801799824407 10.7741253704
5 0.59375 15.4866054782
5 0.789727831431 10.939833123
5 0.640625 13.8200793793
5 0.787532923617 10.961720177
5 0.578125 14.744278444
5 0.791264266901 10.9788673523
5 0.59375 17.3098690796
5 0.798726953468 10.8145691314
5 0.59375 16.3653941634
6 0.803336259877 10.6284819981
6 0.578125 16.2425518281
6 0.807726075505 10.6620151654
6 0.546875 19.4831716209
6 0.805970149254 10.5399907259
6 0.46875 21.0154270316
6 0.809043020193 10.5183512714
6 0.71875 15.5736528834
6 0.80860403863 10.5876064228
6 0.578125 17.2473704194
7 0.814091308165 10.2762654846
7 0.71875 16.596091962
7 0.819798068481 10.2564310178
7 0.59375 17.3243614502
7 0.811457418788 10.3018078134
7 0.5625 16.7253460175
7 0.821115013169 10.2168946601
7 0.6875 16.1559901346
7 0.806409130817 10.3016344687
7 0.546875 18.1551280878
8 0.825504828797 10.0717034799
8 0.671875 15.1383806644
8 0.820676031607 9.99750283411
8 0.5625 19.090166564
8 0.825285338016 10.0665147131
8 0.640625 15.7802184505
8 0.818481123793 10.0970618666
8 0.625 15.6257174171
8 0.823968393327 10.0727793794
8 0.671875 21.3070460363
9 0.828138718174 9.75831577973
9 0.640625 18.3443723217
9 0.837796312555 9.80213230147
9 0.625 18.0721693194
9 0.829016681299 9.76586962883
9 0.625 16.4017821515
9 0.831870061457 9.90132224694
9 0.625 18.5646240281
9 0.828577699737 9.82662279051
9 0.5625 14.9730736944
1 0.748860339826 10.4079914536
1 0.815384615385 10.8457509527
1 0.748860339826 10.4079982981
1 0.815384615385 10.8457661983
1 0.748860339826 10.4079997675
1 0.815384615385 10.8457048667
1 0.748860339826 10.4079841719
1 0.815384615385 10.8457204441
1 0.748860339826 10.4079891328
1 0.815384615385 10.8457508157
2 0.747617074182 11.2453964957
2 0.738461538462 10.8794515405
2 0.747617074182 11.2453967951
2 0.738461538462 10.8793978697
2 0.747617074182 11.2453991428
2 0.738461538462 10.8792128459
2 0.747617074182 11.2454076697
2 0.738461538462 10.8795155465
2 0.747617074182 11.2454134802
2 0.738461538462 10.879255094
3 0.7527973477 11.3699663422
3 0.707692307692 15.5370932492
3 0.749689183589 11.3259262099
3 0.676923076923 13.5754446733
3 0.753004558641 11.2834781993
3 0.676923076923 14.7411680079
3 0.745752175715 11.3825343523
3 0.630769230769 14.9115968593
3 0.749689183589 11.4001154234
3 0.676923076923 13.1787725652
4 0.768752590137 11.2522390289
4 0.692307692308 14.8135984657
4 0.764608371322 11.2854247533
4 0.676923076923 14.9604280837
4 0.76688769167 11.2362878171
4 0.692307692308 15.726480444
4 0.765644426026 11.2839266157
4 0.661538461538 14.1422650849
4 0.758599254041 11.2404558188
4 0.707692307692 18.3585267278
5 0.774968918359 10.8896004065
5 0.753846153846 16.5075209302
5 0.781599668462 11.0230662175
5 0.723076923077 17.4364125265
5 0.777041027766 11.0660990602
5 0.646153846154 17.3820251217
5 0.772896808952 11.1836073308
5 0.630769230769 16.5464500627
5 0.778905926233 10.9286174065
5 0.630769230769 17.2114637827
6 0.780149191877 10.7290659511
6 0.707692307692 18.8719965867
6 0.786158309159 10.7011023095
6 0.692307692308 18.5254808577
6 0.793203481144 10.7311917046
6 0.676923076923 17.9224258554
6 0.789680895151 10.6906609586
6 0.646153846154 19.0744098381
6 0.787401574803 10.712861766
6 0.769230769231 14.8149461983
7 0.808122668877 10.2597320847
7 0.661538461538 20.6056708979
7 0.802942395358 10.2581235095
7 0.646153846154 17.1662725827
7 0.802113551596 10.300820649
7 0.692307692308 19.0492390261
7 0.802735184418 10.3943996655
7 0.723076923077 18.4155076613
7 0.798590965603 10.4235754435
7 0.692307692308 16.4764322255
8 0.812681309573 9.99521813337
8 0.569230769231 18.7351863542
8 0.813302942395 10.0250485432
8 0.738461538462 16.3950729978
8 0.809780356403 10.1547649546
8 0.630769230769 17.2589432851
8 0.808122668877 10.054854346
8 0.676923076923 18.6307781575
8 0.809158723581 10.0489469126
8 0.615384615385 19.7044079595
9 0.814960629921 9.77230352227
9 0.692307692308 18.0726596511
9 0.818897637795 9.78223647307
9 0.584615384615 18.3087440654
9 0.820969747203 9.87067958502
9 0.661538461538 19.0754832585
9 0.81744716121 9.8747956297
9 0.630769230769 17.2581971409
9 0.818897637795 9.71554292847
9 0.676923076923 15.4367909437
1 0.746208291203 10.5845560125
1 0.8125 11.0944429142
1 0.746208291203 10.58455114
1 0.8125 11.0944351043
1 0.746410515672 10.5845499508
1 0.8125 11.0945294312
1 0.746208291203 10.5845551071
1 0.8125 11.0945059527
1 0.746208291203 10.584558206
1 0.8125 11.0944924394
2 0.739939332659 11.317433984
2 0.796875 11.5101035541
2 0.740141557128 11.3174226482
2 0.796875 11.509626697
2 0.740141557128 11.3174592314
2 0.796875 11.5103073728
2 0.740141557128 11.3174366872
2 0.796875 11.5097946363
2 0.740141557128 11.3174005712
2 0.796875 11.5096594537
3 0.748634984833 11.4455483776
3 0.609375 15.3240340949
3 0.752275025278 11.5007148603
3 0.703125 16.3214801995
3 0.752881698686 11.4872711278
3 0.796875 12.0741132087
3 0.754095045501 11.4692222106
3 0.734375 13.3523005393
3 0.743781597573 11.3880990326
3 0.765625 13.3205434544
4 0.766430738119 11.3378762631
4 0.6875 15.5710185213
4 0.76380182002 11.306385239
4 0.65625 18.8059855846
4 0.769666329626 11.246282072
4 0.75 17.0394776024
4 0.767441860465 11.4004943969
4 0.71875 15.0229289299
4 0.764812942366 11.2497216709
4 0.6875 16.3115179177
5 0.779979777553 11.0102747372
5 0.703125 18.8774987539
5 0.781597573306 11.0743164827
5 0.671875 17.585912295
5 0.780384226491 11.1291173119
5 0.734375 17.9417052421
5 0.781597573306 11.1300150096
5 0.6875 17.9492134446
5 0.780586450961 11.1168623055
5 0.6875 19.1317817892
6 0.788473205258 10.9537127458
6 0.65625 17.9990234981
6 0.784630940344 10.7768836054
6 0.65625 18.295385379
6 0.793731041456 10.9015535736
6 0.625 19.932961436
6 0.792113245703 10.7284825103
6 0.65625 17.7895765961
6 0.790091001011 10.7974498057
6 0.6875 19.9226006311
7 0.809100101112 10.3890384287
7 0.640625 19.5849607354
7 0.806471183013 10.4702721825
7 0.765625 16.7339296864
7 0.803640040445 10.4886765211
7 0.671875 18.3443107288
7 0.80485338726 10.4487009938
7 0.5625 19.4593674081
7 0.805460060667 10.4337035149
7 0.671875 18.4929343817
8 0.813953488372 10.1848780514
8 0.671875 21.6940234557
8 0.808897876643 10.2721809916
8 0.6875 21.283495515
8 0.806268958544 10.258216763
8 0.671875 17.8156705241
8 0.806471183013 10.2008916302
8 0.625 19.1061126614
8 0.810717896866 10.2422179616
8 0.65625 19.185124553
9 0.815166835187 10.0046178157
9 0.640625 19.4932471537
9 0.819615773509 10.0571831506
9 0.65625 19.4905715332
9 0.819817997978 10.0597368605
9 0.640625 18.972039892
9 0.822042467139 10.0067545428
9 0.6875 19.3424063627
9 0.818402426694 9.99532848989
9 0.65625 18.5366935264
1 0.741155306816 10.4734482437
1 0.671875 11.9163238165
1 0.741155306816 10.473453454
1 0.671875 11.9163363837
1 0.741155306816 10.4734401878
1 0.671875 11.9164144289
1 0.741155306816 10.4734610162
1 0.671875 11.9163475753
1 0.741155306816 10.4734405921
1 0.671875 11.9164125095
2 0.74875074955 11.3751916682
2 0.671875 12.0744033926
2 0.74875074955 11.3752000212
2 0.671875 12.074584788
2 0.74875074955 11.3751977668
2 0.671875 12.0744744094
2 0.74875074955 11.375183886
2 0.671875 12.074361447
2 0.74875074955 11.3751767345
2 0.671875 12.0745253739
3 0.764741155307 11.5246335907
3 0.671875 15.3749427611
3 0.761343194084 11.3670690224
3 0.703125 15.0570340175
3 0.758145112932 11.3911709475
3 0.75 14.6917953126
3 0.762542474515 11.3617224466
3 0.734375 15.2386113386
3 0.76713971617 11.391793465
3 0.703125 14.1960923374
4 0.769738157106 11.3296014064
4 0.625 17.7323327366
4 0.773335998401 11.108068688
4 0.703125 16.0283651742
4 0.767539476314 11.2257517942
4 0.734375 19.0277532693
4 0.766140315811 11.2192159772
4 0.703125 14.92319053
4 0.767339596242 11.2393396786
4 0.65625 19.5512490992
5 0.777533479912 11.1118475074
5 0.734375 18.0648753598
5 0.775134919049 11.0670155657
5 0.671875 18.1158427505
5 0.780931441135 10.9938367875
5 0.6875 18.606501457
5 0.781730961423 10.9664460687
5 0.671875 19.554282502
5 0.783529882071 10.9925520625
5 0.671875 19.5593280808
6 0.790725564661 10.7099360156
6 0.703125 19.0600611899
6 0.791125324805 10.640256668
6 0.671875 19.6277131992
6 0.790125924445 10.6880364502
6 0.65625 18.7377491883
6 0.790925444733 10.6843861405
6 0.640625 16.5468196295
6 0.787127723366 10.6468827425
6 0.75 20.4374720415
7 0.800119928043 10.2917903973
7 0.703125 20.1735557625
7 0.799320407755 10.4851824626
7 0.703125 19.716956088
7 0.800119928043 10.4632972324
7 0.765625 20.1155414779
7 0.806316210274 10.4106847404
7 0.671875 21.3138660073
7 0.80591645013 10.3538948281
7 0.625 20.5679820407
8 0.812912252648 10.0647737841
8 0.71875 18.7245861435
8 0.811113332001 10.1793086259
8 0.625 19.1281549604
8 0.808714771137 10.1246751837
8 0.703125 19.2267556143
8 0.809714171497 10.1381298645
8 0.609375 20.0158076525
8 0.810913451929 10.0764737177
8 0.609375 22.1275731436
9 0.81311213272 9.93360013626
9 0.71875 18.5478715816
9 0.815710573656 9.86887576104
9 0.625 23.3025464978
9 0.817909254447 9.8838099266
9 0.78125 19.2958671939
9 0.819108534879 9.95391930134
9 0.625 19.940518087
9 0.8161103338 9.91583900205
9 0.65625 21.2430058732
