1 0.741155306816 10.4734482437
1 0.671875 11.9163238165
1 0.741155306816 10.473453454
1 0.671875 11.9163363837
1 0.741155306816 10.4734401878
1 0.671875 11.9164144289
1 0.741155306816 10.4734610162
1 0.671875 11.9163475753
1 0.741155306816 10.4734405921
1 0.671875 11.9164125095
2 0.74875074955 11.3751916682
2 0.671875 12.0744033926
2 0.74875074955 11.3752000212
2 0.671875 12.074584788
2 0.74875074955 11.3751977668
2 0.671875 12.0744744094
2 0.74875074955 11.375183886
2 0.671875 12.074361447
2 0.74875074955 11.3751767345
2 0.671875 12.0745253739
3 0.764741155307 11.5246335907
3 0.671875 15.3749427611
3 0.761343194084 11.3670690224
3 0.703125 15.0570340175
3 0.758145112932 11.3911709475
3 0.75 14.6917953126
3 0.762542474515 11.3617224466
3 0.734375 15.2386113386
3 0.76713971617 11.391793465
3 0.703125 14.1960923374
4 0.769738157106 11.3296014064
4 0.625 17.7323327366
4 0.773335998401 11.108068688
4 0.703125 16.0283651742
4 0.767539476314 11.2257517942
4 0.734375 19.0277532693
4 0.766140315811 11.2192159772
4 0.703125 14.92319053
4 0.767339596242 11.2393396786
4 0.65625 19.5512490992
5 0.777533479912 11.1118475074
5 0.734375 18.0648753598
5 0.775134919049 11.0670155657
5 0.671875 18.1158427505
5 0.780931441135 10.9938367875
5 0.6875 18.606501457
5 0.781730961423 10.9664460687
5 0.671875 19.554282502
5 0.783529882071 10.9925520625
5 0.671875 19.5593280808
6 0.790725564661 10.7099360156
6 0.703125 19.0600611899
6 0.791125324805 10.640256668
6 0.671875 19.6277131992
6 0.790125924445 10.6880364502
6 0.65625 18.7377491883
6 0.790925444733 10.6843861405
6 0.640625 16.5468196295
6 0.787127723366 10.6468827425
6 0.75 20.4374720415
7 0.800119928043 10.2917903973
7 0.703125 20.1735557625
7 0.799320407755 10.4851824626
7 0.703125 19.716956088
7 0.800119928043 10.4632972324
7 0.765625 20.1155414779
7 0.806316210274 10.4106847404
7 0.671875 21.3138660073
7 0.80591645013 10.3538948281
7 0.625 20.5679820407
8 0.812912252648 10.0647737841
8 0.71875 18.7245861435
8 0.811113332001 10.1793086259
8 0.625 19.1281549604
8 0.808714771137 10.1246751837
8 0.703125 19.2267556143
8 0.809714171497 10.1381298645
8 0.609375 20.0158076525
8 0.810913451929 10.0764737177
8 0.609375 22.1275731436
9 0.81311213272 9.93360013626
9 0.71875 18.5478715816
9 0.815710573656 9.86887576104
9 0.625 23.3025464978
9 0.817909254447 9.8838099266
9 0.78125 19.2958671939
9 0.819108534879 9.95391930134
9 0.625 19.940518087
9 0.8161103338 9.91583900205
9 0.65625 21.2430058732
