1 0.75326161593 10.4463492181
1 0.671875 10.2465591287
1 0.75326161593 10.4463825046
1 0.671875 10.2467718553
1 0.75326161593 10.4463566448
1 0.671875 10.2467430649
1 0.75326161593 10.4463673023
1 0.671875 10.2467082987
1 0.75326161593 10.4463476876
1 0.671875 10.2466361594
2 0.752803845274 11.4032787136
2 0.703125 11.5381815637
2 0.752803845274 11.403259406
2 0.703125 11.5384972215
2 0.752803845274 11.4032323505
2 0.703125 11.5384529348
2 0.752803845274 11.4032714691
2 0.703125 11.5381425343
2 0.752803845274 11.4032451649
2 0.703125 11.5383635243
3 0.758983749142 11.4764213511
3 0.671875 12.9686981287
3 0.763332570382 11.5646435918
3 0.65625 13.7194238918
3 0.764019226368 11.4493192406
3 0.640625 15.999784303
3 0.766079194324 11.5369336566
3 0.65625 14.3562608752
3 0.757839322499 11.5045293548
3 0.6875 13.3120825833
4 0.77843900206 11.3047533413
4 0.65625 13.9783054888
4 0.777294575418 11.2597518339
4 0.578125 19.0808337968
4 0.773403524834 11.3787551173
4 0.625 14.1437441437
4 0.773632410163 11.4572261177
4 0.578125 15.7363628729
4 0.76951247425 11.4344334763
4 0.71875 13.8846456029
5 0.786221103227 11.0533627245
5 0.703125 16.5156591333
5 0.786907759213 11.1279378294
5 0.796875 15.836810622
5 0.782787823301 11.2046655602
5 0.765625 16.4253660073
5 0.794003204395 11.1805790836
5 0.703125 19.1505080043
5 0.784618905928 11.0505977376
5 0.625 17.8294009304
6 0.801556420233 10.8426504242
6 0.625 18.6657739889
6 0.802929732204 10.9204742519
6 0.671875 18.889801105
6 0.80064087892 10.8659967929
6 0.609375 16.6636891878
6 0.801556420233 10.8089734347
6 0.71875 13.9769735334
6 0.797207598993 10.7986871369
6 0.609375 17.6908358413
7 0.801327534905 10.6066533841
7 0.640625 18.0741889349
7 0.809109636072 10.59439044
7 0.6875 18.223131228
7 0.812314030671 10.5439573986
7 0.65625 16.9196153295
7 0.812314030671 10.5287810401
7 0.59375 19.6294509803
7 0.80796520943 10.5200832433
7 0.640625 18.7809048515
8 0.812542915999 10.3470658313
8 0.671875 15.764997675
8 0.814145113298 10.3220533856
8 0.5 22.7989158403
8 0.815976195926 10.2810848724
8 0.65625 17.2218661038
8 0.821927214466 10.2401489293
8 0.5 18.0634068011
8 0.813229571984 10.3471981382
8 0.625 20.5184672618
9 0.820325017166 10.0482426886
9 0.5625 15.451054406
9 0.81826504921 10.1378516719
9 0.65625 17.8008561847
9 0.826276035706 9.96478289017
9 0.671875 23.1993886727
9 0.816433966583 10.1425563634
9 0.546875 18.4636758774
9 0.823300526436 10.0053733327
9 0.640625 20.0258808223
