1 0.753719386587 10.4247325706
1 0.671875 10.2437952949
1 0.753719386587 10.424737946
1 0.671875 10.2436865968
1 0.753719386587 10.4247452753
1 0.671875 10.2436937258
1 0.753719386587 10.4247218326
1 0.671875 10.2436031108
1 0.753719386587 10.4247457644
1 0.671875 10.2436173007
2 0.753032730602 11.3674298217
2 0.703125 11.4828899791
2 0.753032730602 11.3674180598
2 0.703125 11.482355471
2 0.753032730602 11.3674185498
2 0.703125 11.4826517005
2 0.753032730602 11.3674236288
2 0.703125 11.482794532
2 0.753032730602 11.3674217397
2 0.703125 11.4824405346
3 0.766079194324 11.4050895958
3 0.671875 13.3675539641
3 0.767681391623 11.477242314
3 0.765625 12.8315049851
3 0.765392538338 11.4148867332
3 0.65625 14.6354313122
3 0.764934767681 11.4872637963
3 0.625 14.2560013256
3 0.761272602426 11.4426088156
3 0.65625 13.9338930097
4 0.776379034104 11.2699809623
4 0.734375 14.1336463026
4 0.77843900206 11.3415664521
4 0.59375 15.6596198026
4 0.773174639506 11.3461265815
4 0.578125 15.5683105951
4 0.774547951476 11.3198537437
4 0.578125 17.2563418146
4 0.776607919432 11.2203848695
4 0.671875 14.942320447
5 0.782101167315 10.9866637788
5 0.578125 18.786550161
5 0.791256580453 10.9228680817
5 0.765625 15.95800821
5 0.788509956512 11.1150447777
5 0.703125 16.8887518021
5 0.789196612497 11.1290677931
5 0.671875 17.26106758
5 0.785305561913 10.9829151847
5 0.625 15.3264978193
6 0.797207598993 10.6766556962
6 0.609375 19.1238572804
6 0.80064087892 10.6757110968
6 0.671875 18.7843494552
6 0.79468986038 10.6787844284
6 0.703125 18.0473796645
6 0.793545433738 10.7505958324
6 0.640625 15.2829524927
6 0.799267566949 10.7670110438
6 0.6875 18.0453477698
7 0.809796292058 10.5054375597
7 0.59375 19.0075443678
7 0.807049668116 10.5076573344
7 0.640625 17.2028226659
7 0.807507438773 10.3765906263
7 0.625 20.5504957736
7 0.807507438773 10.5132945346
7 0.578125 18.2020913132
7 0.803158617533 10.494607401
7 0.75 15.9592633773
8 0.813687342641 10.2809732852
8 0.609375 16.9918357814
8 0.81689173724 10.2333580472
8 0.5625 17.9701952725
8 0.816662851911 10.2312019
8 0.671875 16.748694755
8 0.81689173724 10.2415952909
8 0.578125 18.6371459084
8 0.81528953994 10.2372043332
8 0.625 18.807499753
9 0.82124055848 10.0484317562
9 0.625 20.1309946562
9 0.81826504921 9.90694786864
9 0.625 20.5288450075
9 0.814373998627 9.97234592976
9 0.6875 17.0560348906
9 0.823071641108 10.0032257996
9 0.515625 18.4408949415
9 0.818951705196 9.84400714602
9 0.640625 18.4907614193
