1 0.749141680018 10.3807396613
1 0.640625 10.2884518202
1 0.749141680018 10.3807006331
1 0.640625 10.2883354564
1 0.749141680018 10.3807262495
1 0.640625 10.2881481353
1 0.749141680018 10.3807341651
1 0.640625 10.2883173286
1 0.749141680018 10.380733092
1 0.640625 10.2883793808
2 0.753032730602 10.6571901882
2 0.6875 10.8117768098
2 0.753032730602 10.6571733049
2 0.6875 10.8115392706
2 0.753032730602 10.6571789431
2 0.6875 10.8116195658
2 0.753032730602 10.6571582495
2 0.6875 10.8118357671
2 0.753032730602 10.657156523
2 0.6875 10.8113713899
3 0.752346074617 10.8454571176
3 0.703125 13.1919983294
3 0.751659418631 10.7681847816
3 0.6875 12.8191939485
3 0.754406042573 10.881435095
3 0.625 12.5728545221
3 0.750286106661 10.9019271075
3 0.625 14.0174253997
3 0.757839322499 10.7477951433
3 0.65625 13.8240459365
4 0.7562371252 10.8343692181
4 0.515625 17.9151227733
4 0.765621423667 10.7438478464
4 0.734375 15.6010654824
4 0.764019226368 10.6465990134
4 0.5 16.3781589858
4 0.76516365301 10.7704853245
4 0.671875 13.1748651748
4 0.762417029068 10.8088160459
4 0.625 15.4241844777
5 0.77248798352 10.6399557641
5 0.609375 16.7734744687
5 0.769283588922 10.6683593057
5 0.734375 14.870054272
5 0.773861295491 10.4688864398
5 0.640625 17.0336531519
5 0.777752346075 10.5569230508
5 0.65625 16.214192065
5 0.770428015564 10.6670403974
5 0.578125 15.1326716152
6 0.779354543374 10.2656126538
6 0.59375 17.20398252
6 0.779812314031 10.1982510908
6 0.625 16.5961150255
6 0.780498970016 10.2268074909
6 0.609375 15.6864228448
6 0.782787823301 10.4001831429
6 0.640625 16.4481942251
6 0.783932249943 10.2609076742
6 0.625 16.7326411166
7 0.790798809796 9.89676766025
7 0.578125 16.6671754308
7 0.795376516365 9.99252369964
7 0.703125 15.8185714702
7 0.78576333257 9.95941641296
7 0.6875 15.6977945236
7 0.790112153811 9.85796378314
7 0.609375 15.8909408217
7 0.791256580453 9.91376707674
7 0.65625 15.0970299886
8 0.793316548409 9.74595543167
8 0.59375 17.3092509902
8 0.798352025635 9.71089601151
8 0.609375 18.1833382567
8 0.793774319066 9.80440071339
8 0.6875 18.8776046768
8 0.797894254978 9.77655715507
8 0.5625 18.4983246421
8 0.796063172351 9.72202580882
8 0.703125 17.5519153048
9 0.805218585489 9.39850716643
9 0.609375 15.2374366355
9 0.799496452277 9.53304429816
9 0.609375 18.7057052354
9 0.804531929503 9.49778540239
9 0.65625 15.8734080743
9 0.804760814832 9.44763962598
9 0.59375 17.4573836172
9 0.804074158846 9.40451773397
9 0.71875 15.169850742
